100
22757
31731
12600
30864
26053
10847
30228
19421
20344
26289
26650
18195
5942
23443
15454
27596
5569
9744
26060
17166
19096
14329
32260
29388
11118
14728
12392
19631
2010
11844
23410
14870
21840
24868
23628
10587
30544
23543
14490
24664
22493
28163
6810
22569
25649
1517
21360
1588
16815
25305
22459
13927
20249
24785
27244
23233
17923
25707
27096
29716
4232
10662
29452
30729
10043
31254
20320
22628
2912
3649
24655
3977
12637
7752
32133
22079
28523
26058
31034
26293
17553
7941
16063
28867
3027
14654
16214
9073
28583
20067
8519
28605
12712
7152
25904
26777
6798
783
30109
25652
