100
4484
15902
32098
22478
2453
21517
11376
13908
28721
18922
15617
24682
18389
1427
30089
23172
15280
7109
5348
12510
3231
22846
18154
27072
19036
26398
18244
27905
11507
3731
9854
1226
8821
24501
25948
23452
25839
16303
23154
7060
11421
8736
5615
4846
21084
29121
14266
457
30302
27719
27584
29993
32545
30091
140
21314
1186
9704
19480
31988
31694
6116
21218
10386
13881
14611
25923
23015
2578
8761
9980
7035
13911
15023
13586
23826
22341
11016
24029
7030
32531
25331
8027
13686
18143
13923
24522
4655
27625
21998
5237
31882
19711
9843
19150
22534
23608
15360
18365
4792
