100
11014
1218
11507
1951
25489
6854
10040
29220
27974
8735
8968
19297
29896
26162
2632
12664
19521
10959
8853
24673
22870
12890
2775
2354
8026
28457
14105
11934
14785
25646
24216
10940
23256
30934
4121
16906
8884
17456
24704
26546
25192
4946
26527
5900
8060
12025
32588
26211
27546
9327
30902
14076
25737
5554
15353
9812
28768
21714
1519
9386
2547
20123
14409
21693
12690
2164
28639
6359
22003
13703
21829
28938
18796
10018
23455
3770
5989
7261
25014
16732
19982
13566
26955
8316
4173
2969
22699
5893
1019
15100
31363
13245
28751
21194
12278
25359
8346
32613
2285
30221
