100
9822
21507
21720
17018
16606
26822
23811
31966
9804
21233
18019
25431
15439
8413
26623
10920
30510
32264
26218
12261
8000
12986
17629
5427
2724
18152
3208
7119
7985
19544
32298
24402
12464
5126
480
22067
3913
21191
18746
15245
23100
31020
22420
17954
27346
17065
25764
20641
27538
16374
19791
22308
28599
24758
1729
28157
7906
16471
18364
5554
18701
14905
23600
4166
30400
2322
22285
7098
18823
30097
5717
13780
16547
22593
19829
19743
13824
29361
2517
819
10087
25554
26030
25654
8181
15264
23836
14243
21964
29188
31092
20042
20488
17657
18135
29081
10485
16879
18439
22553
