100
16511
32364
23674
17211
29417
17401
19629
10837
10178
13116
28859
5864
19733
8802
9518
5668
4833
15040
533
25518
31432
6585
2135
12704
4107
30946
14662
12754
23478
8548
19575
17496
26904
11938
30674
28491
28278
25628
32229
973
28161
6803
30333
5191
25348
2159
1400
8181
20322
26973
29653
6053
15680
18748
24333
8123
2303
30266
29350
13177
1901
24122
24581
3453
23612
23418
2180
31115
5299
13426
3524
29581
23203
21247
15429
14296
21405
30400
1075
10417
98
26304
29827
11536
12443
26198
27711
27812
24266
29002
30238
3350
2177
825
600
21650
22226
28219
29368
21892
