10000
12331
23139
854
11101
15767
20265
19491
24787
24025
23483
20646
32222
2875
14665
11551
5708
4262
13354
13655
17492
7874
31859
21215
7629
15455
25801
6300
2462
5652
883
12164
2422
28965
27059
162
19389
17834
25943
16480
6602
17390
139
16133
30294
18710
13297
8829
48
1795
32500
27993
27955
25465
23129
30486
12662
21120
14614
14754
9922
12298
2920
6172
18505
23767
30752
731
22164
8854
16445
7347
30654
9037
192
17779
10208
22522
18108
11698
3532
25211
10669
22476
2046
13995
24586
10791
1487
24270
542
30395
236
24367
28435
7121
11015
32007
2128
8714
9164
27809
14085
31652
19223
10940
28675
18681
868
1329
10706
17992
30855
5845
30973
18104
16029
15009
18097
24730
23874
14864
21894
12015
6916
15049
2205
19498
7448
12158
8427
27191
12108
20500
25812
11195
18493
23812
26108
8862
7626
12801
22874
6087
24008
27611
13710
38
24311
9635
2932
17144
24117
4368
19705
13638
7154
28193
30253
28335
28132
9732
19610
23400
6396
3383
10453
12161
1944
4333
32338
8042
12282
21427
5500
437
16121
32083
11269
15901
23286
16888
28539
11720
4882
25748
1565
20681
20126
14463
6636
31977
20692
26209
6661
27047
9412
30801
9773
15741
1424
28990
22702
101
5852
29582
25186
6044
385
15110
11533
11942
18561
28138
30703
12690
27200
2405
8858
15487
8689
27946
6658
9311
23886
19036
7123
31995
14988
31148
17415
16440
8846
31937
6327
31384
21337
11996
2097
8451
28360
26812
3404
29640
24960
7103
28152
4831
13863
10315
18457
10097
10449
29548
24726
18073
3771
32702
26796
29037
26172
3470
11657
22072
8952
1596
26134
14090
2647
14051
4884
6515
13366
7740
9578
9099
988
20928
24253
18997
11567
15885
8258
13477
6695
18059
7120
31008
17540
2127
6970
5891
22460
17472
20955
20999
12088
13432
27762
21187
1215
20717
21297
12403
25395
18256
21008
18423
12667
10805
7015
1055
27072
7029
22716
31525
20700
30160
15833
1403
16911
14807
21026
12743
25332
16906
25638
14893
21428
573
23412
24268
12154
22080
23728
18827
28967
9150
29670
24341
4166
21350
14621
8482
27202
25929
9008
1529
19414
9347
31961
26930
11974
15902
12303
31169
32717
16179
23442
18736
214
15954
26308
24620
7023
13348
1978
31811
14202
18255
28563
23276
27173
3994
4360
13768
4381
5202
13637
21543
11775
2540
21239
21966
5648
4843
23463
6904
18989
2053
29510
28058
2821
2945
17929
20459
32133
27619
28791
5156
29588
6603
11712
8580
11521
13595
16464
2712
9401
30040
18596
22713
15934
29011
32348
12502
26452
2568
32658
13684
510
31942
10859
18930
10920
24720
13547
6930
11942
4804
30478
4277
18141
22266
6932
3302
27328
11823
10268
7194
20351
10531
6900
31414
26490
14847
304
5074
30204
18747
19065
23869
2854
4543
17448
13505
31785
2120
29460
8872
11193
21006
16295
9598
14014
3748
10296
27417
22860
31007
28052
6871
8149
9338
28126
5415
14493
22329
8602
19531
31087
19021
28420
6748
28047
20280
18342
14478
32751
8561
17449
15285
5541
26378
12908
14856
11421
9360
18899
32293
21131
10291
31202
27478
2084
12326
1802
30483
25742
20553
27074
23496
3349
23302
9178
26840
21791
20856
12
5089
6754
7891
28629
12098
12628
8960
31619
27098
30179
20615
30862
31763
21607
25010
31275
9759
24277
26864
12319
25474
16949
16503
10193
30673
12374
7469
9124
14521
4544
18633
31875
14658
5098
18229
16830
14933
26541
27447
2836
1149
17401
7761
12561
3818
199
24550
24474
6075
24142
16285
14022
4477
19578
22283
28143
2542
18074
1676
11529
28167
5977
31089
4147
20282
6383
13665
2444
3577
17816
14585
5448
3447
11333
28086
29699
21682
7570
28949
24404
16561
9465
30968
27814
11274
8773
22348
4675
12200
5961
24809
690
24779
32209
15289
21059
12368
14809
22557
6888
20275
31741
6540
4678
15442
10289
29310
17932
24436
5298
30600
29316
21897
13629
11720
10088
21044
1662
6275
12022
14982
19915
18957
27462
23821
274
31721
7644
27405
27408
29234
19834
5901
24516
11833
15927
31893
5412
13424
12245
13623
29710
27015
22096
16076
30081
19156
16563
5888
24589
1528
8751
12305
31112
13248
12654
8915
259
14921
4645
16888
1276
6760
31977
29326
27094
11336
6467
28105
13446
3925
15878
20483
28046
20825
3040
6401
12335
4325
5680
376
14810
7923
3607
18895
3561
25545
9170
26151
396
2849
4679
11161
17414
15238
2269
25278
14105
23809
26513
25461
11198
13045
327
7648
22298
19784
22621
13488
5038
5315
2438
3235
17102
30396
22742
30026
25172
29682
5401
20240
10901
5816
17769
21112
18580
5206
21760
23718
2166
7596
12618
25889
1078
8984
3646
215
10906
3994
17647
5730
12902
16182
94
10121
19919
13466
11411
21514
12850
20993
23532
31127
18438
6487
5812
5406
5904
14238
18679
18765
17109
24464
17045
11862
11093
14214
32150
20207
1526
24216
7869
30365
703
19718
25696
13619
20934
5079
30583
15253
7404
16319
21234
30146
18887
25414
13648
1554
6112
3111
20589
1468
28447
10230
11163
11930
29315
7174
27637
21041
11030
5258
30448
16876
24353
20218
9011
3240
27036
25529
27561
13685
9704
21236
22740
18331
17345
22733
5220
27612
5998
19641
23304
25337
14906
4134
16516
2424
3880
20578
31236
18595
32739
8120
8879
6356
1524
10716
11904
30960
21559
1929
32593
32562
13456
30056
20537
26410
28122
29236
27416
16645
17952
2076
23664
9742
29968
17768
6519
5749
6828
10336
19562
25679
3651
617
15139
20447
6560
5746
31726
14612
29825
30350
27801
2642
5195
25826
8138
16502
9211
15298
13461
13332
14432
8471
19534
2050
5256
2308
4764
24859
4728
19401
3023
19261
1055
21223
7540
28564
8333
8581
1318
27
20833
15378
12711
31839
29824
13100
12847
13191
26125
21952
12291
10129
26261
20083
9802
13790
12681
12353
19484
10481
22514
13924
25821
6004
13152
15224
27337
13435
1315
11228
18383
29965
5566
30555
4259
12001
26777
17932
30223
5221
22518
29814
24714
12804
11558
6904
27147
20649
2301
9321
10783
24959
12419
14331
2106
22268
4588
31333
2122
3869
5579
27201
17810
13043
4226
23474
4022
12126
26621
22347
24082
11033
16800
24620
3408
7670
19581
25966
6970
28011
31691
25282
21708
12878
17811
29780
10894
3037
14765
25078
7969
9217
1259
25978
1047
18644
13460
12383
30984
16224
19988
29873
24801
13226
3825
29994
16768
27119
26881
24733
16766
5421
3803
31893
14412
30437
9355
25401
1154
11295
26762
22642
7283
19376
26861
31312
3333
14776
6364
20650
23232
21614
23110
5
31012
24096
20435
9143
19520
18549
2842
4941
26752
17654
27413
5929
1223
16076
16081
20592
21181
8651
106
22563
12651
4784
15415
22923
28165
31911
30786
11227
1798
6161
12283
12049
9602
20099
14381
28701
16568
8210
7984
22597
8168
28110
23905
27592
11876
19852
27087
23489
21992
19177
1847
28495
21294
14731
23859
2035
14526
31914
12718
17721
5124
26575
22171
2971
26788
7388
8166
29346
30226
2893
30123
24142
31581
29885
22183
18360
27979
6828
24300
30966
21163
31103
9944
16447
15079
13512
3655
24143
729
6344
18440
13325
23519
21811
14734
29548
18738
21810
744
22415
1907
22702
17140
10288
4743
13004
27599
3138
15781
20916
15247
28629
4525
29591
11573
315
26044
11504
30173
2409
26109
9226
25144
9119
31938
9666
10300
6220
20947
30606
282
24364
21509
2750
8049
3251
271
29954
21953
11950
24474
21037
290
23592
24471
29496
3126
31882
5333
32394
7772
2567
32723
25974
19238
21303
22739
21254
22030
2
4399
30711
24164
24000
32496
22532
1931
13982
26269
31848
29029
14404
22353
12190
5388
11701
3344
9835
22979
4214
19803
14878
30252
13554
29186
6167
29115
5661
5690
2694
23146
1112
6639
15989
686
15253
28508
11017
23466
9403
26328
32260
16291
17996
27891
12687
16565
10309
28353
12087
20420
12101
22646
9269
20405
13042
25139
27378
26845
21400
7968
11722
12473
21268
699
10000
31200
29937
20592
8787
24631
10704
10601
8928
25956
2573
11431
21384
12677
25503
23890
9124
19489
24384
17229
13654
24926
207
31246
273
26485
1778
8621
21083
14436
28159
26170
465
29667
6685
4436
4204
15768
27814
23031
2052
11150
18640
26262
17682
30948
19341
13674
3514
20674
15023
24329
6665
17809
28496
26426
29051
18540
16241
4104
16832
13521
10977
25365
4799
17565
20321
25905
31708
55
26629
10283
15990
32523
23517
12007
27060
3130
8149
22449
27522
911
28634
16593
13014
31414
9022
23392
18232
2728
8286
8282
31105
19818
13186
7156
4579
25591
19716
17199
7977
6267
27317
18349
19264
28865
12412
24003
22775
17647
29760
10449
12035
11889
16648
16846
5190
25395
5473
3111
337
20755
24833
19658
11047
3478
1449
14205
11075
28121
24400
26229
26845
23243
6013
28708
10090
13722
18421
3922
24162
24683
12438
4463
15941
16206
1155
32552
1760
17777
4737
13112
4813
25236
19617
21377
15417
25788
29472
24667
32489
8748
26251
20012
31615
32657
25894
23865
16378
9853
14223
9147
31101
22
4255
32310
29521
18448
9361
23046
1836
19416
15206
3642
25268
10770
17031
13990
17983
9798
8621
17716
8413
25814
22270
15739
11672
9012
7801
20115
30202
16465
10387
16167
24016
10585
9250
24523
7214
32413
8059
30608
17843
1233
1239
24278
19470
13943
13820
15458
5825
2459
2841
6321
6437
15809
14577
15243
2479
17948
25147
2011
7793
9216
22601
18877
29412
17818
20201
10969
31460
15583
1929
16624
9980
25282
14238
27316
7652
15018
11846
28381
12104
10787
32043
4473
25547
22739
10411
4995
20044
19633
9015
20664
616
5745
6137
28582
21568
8770
18618
22534
17788
188
770
25419
17296
15380
28801
31611
6973
3475
18093
7230
17755
1862
6573
27189
28887
1526
22134
21644
28152
32602
10292
29907
24294
140
19691
8457
20844
28858
7518
25594
9725
27678
19504
20428
26613
19248
8265
24276
31522
10778
11899
22190
17027
1132
22117
24972
9295
14609
1688
20942
3897
2690
3065
17363
25843
28473
28775
4623
28145
18025
11421
20318
14959
17644
12633
15256
5301
11900
3006
26214
26778
12071
10486
29780
17479
26877
32029
14887
22077
2572
4442
8816
3226
32398
15695
4449
14743
4960
4020
15072
24918
7350
10814
7898
5339
29966
5318
8154
32344
26722
19367
26586
685
24482
3432
3929
7215
24673
11163
15021
21160
13519
25348
8603
29856
20455
32510
13605
30171
16873
19483
22435
5923
20747
7691
23317
15176
2667
27839
14776
3428
24393
19661
15575
23651
8819
18199
1508
20419
31232
21416
11719
22937
6465
31710
28278
2517
22261
26574
2758
9926
29628
23268
26753
12001
9423
25546
4280
10174
14061
17291
2650
24163
23961
20473
17158
31941
642
21836
31262
6284
10563
15115
25117
7959
15180
28720
27690
17088
20512
25223
29165
19809
17858
1367
12705
31767
15721
11076
20586
18501
20603
14196
22249
16860
4537
27121
23566
24282
11959
19278
21038
25617
17808
31630
10838
19242
17111
26689
16862
18921
23505
11760
20033
24243
30945
10427
15148
1613
9283
30785
11988
32486
20733
31424
10381
15448
3603
893
28057
29099
31227
20583
14397
21466
2640
759
23834
31194
31691
8282
23227
32217
32366
23762
1899
17348
29186
13914
20809
2315
18116
8841
17566
8616
22108
21432
19565
1630
18702
22887
24908
6206
23348
8157
6771
15728
5868
4879
21779
15152
22030
26819
26089
28951
8289
22005
2322
22940
14862
13178
1057
29658
30292
21987
11887
31380
8830
7332
21426
3190
7442
31862
9425
10653
27980
2297
10999
10842
28362
16798
28903
4915
25993
9668
22159
27179
3600
21537
17119
28996
32235
14692
10203
27201
26715
4632
3311
18352
6988
17356
4995
28456
18567
20849
10704
28880
28457
28419
24562
22560
31060
30828
4926
31212
25124
20389
25557
25502
30693
26142
10361
20419
3715
30048
21664
17353
13889
10993
1223
15110
19118
19319
9481
765
28118
4385
26096
11485
17333
18755
29579
14411
497
30016
8897
23393
10184
29357
2276
3063
29254
28339
12682
11809
24764
10421
26264
3064
23919
18483
16031
31390
24205
18927
25964
20604
4965
18510
21210
4302
29142
8960
25579
28770
14344
18915
2583
6044
13915
12069
1252
17854
30109
9386
22967
14694
3456
10413
32234
601
16203
26025
26398
8318
10447
27002
30163
5166
9117
22463
28214
17323
9334
7044
29497
23021
12035
23582
14313
677
12742
14677
23293
10108
24145
4809
8362
4763
20918
24206
32447
6769
8510
21274
12013
15024
8030
26721
15206
16025
27878
29758
14763
24698
10876
26133
10142
629
24137
26039
7903
25730
25074
22917
21077
31671
27850
6105
2571
20168
3654
18337
4414
31690
11441
13389
19124
19260
23584
6380
24399
29767
8617
9873
15073
30277
30416
18940
19266
11137
8514
29814
13728
31037
12998
27645
30231
16634
17776
26273
7553
30451
18455
29998
8592
491
28426
267
29466
18472
7423
24930
20147
3520
22604
19329
31617
2067
8282
8833
27724
19097
14166
27173
30421
28894
13353
24836
5481
10698
28843
1515
26293
2086
10259
3197
24540
15452
22963
1308
25799
7038
17378
15373
15037
6026
2873
5078
2355
3309
25090
24299
23781
2373
17389
31882
24869
28523
6661
15588
17267
7345
23267
20605
30031
29544
31521
18133
16459
28326
16914
24648
24676
9030
22192
14131
6290
21039
6358
1112
30110
28634
6832
644
13108
17678
20079
13679
30521
3310
15425
6115
22366
13366
21632
29984
23798
7618
12841
29056
31493
4176
24977
1623
10905
12678
32595
29981
8541
12855
17293
30159
22123
4066
19788
9362
18786
3963
16964
29338
16312
21870
5829
7754
27730
16098
4586
30364
13650
24634
25108
28100
3121
19682
21910
16144
3085
3144
2994
11283
21060
24616
12741
5378
17729
16397
8382
28766
15766
11797
28372
26067
17739
18676
18809
4193
24950
16187
11145
11193
6668
2011
17352
12522
13303
996
8075
9788
20841
28051
28085
9820
27759
14476
28133
25274
24521
18276
24558
9520
29177
6754
1928
5348
5786
23431
6213
17007
23027
27595
7622
16191
10956
21930
13358
17465
30336
18655
9431
11171
19284
880
15172
16962
29959
19434
26199
13247
18347
24814
31172
5712
3251
492
9158
22932
17996
29999
27409
7358
15601
12058
18695
12277
2873
32433
13358
17659
7156
25435
12002
4877
20087
28645
11847
29195
13620
24267
28034
12505
8846
15283
297
11013
30699
17979
16119
25002
27402
29172
19909
7060
13719
10158
29109
20644
25340
11255
26801
25718
12411
20190
27412
29762
13177
18685
9382
15360
14877
27062
14798
22224
6682
31420
11523
24216
25033
31957
14468
12015
8059
8671
28745
20282
13069
10257
16441
18452
23997
31364
6813
26612
1083
15090
27349
15113
22276
6333
8265
14953
21739
6451
26019
30315
23544
13584
22588
16465
15478
28484
21459
5931
584
18679
9861
23544
26748
14027
16633
4365
11043
31585
14044
10427
11103
2846
9101
10028
6589
23855
18201
7054
6853
19914
28521
13427
6608
30135
442
29560
15898
6928
14414
17445
13848
8005
26721
31253
19724
3682
25695
31319
32470
13205
20052
5139
32269
22251
28324
19569
24654
2138
25340
8630
25812
7172
14728
2481
2377
15290
19559
12117
24796
12735
29020
13223
24980
20687
20934
30171
7140
7520
32466
9913
4223
7208
5615
11078
6253
27103
2434
4769
4959
70
25051
9003
20544
19560
2664
17130
25612
31264
32553
16176
25317
6363
28260
14199
12132
32159
8858
12176
21549
1613
18617
3325
7110
8739
26259
923
23209
17284
5519
13700
8087
7932
21919
2611
15920
23423
3186
233
26561
6129
1258
592
18013
27116
720
30046
20015
14781
16071
7037
14606
8111
24190
30697
24658
9869
15658
18009
26854
5986
6196
17633
30111
12931
29742
21783
21452
31183
19980
14453
22031
28726
27793
27646
20843
29304
26119
26404
28829
3375
11827
16874
20912
29712
16520
1606
8652
32366
15003
12489
11087
19711
31447
9345
2590
31971
6002
5663
31294
3042
16799
12885
29854
20982
26886
898
3639
13321
13169
23185
19799
29695
7368
16158
26938
16887
21311
10971
10203
29390
9166
5171
19977
32741
2786
3117
21949
13349
15698
29586
24235
10816
15764
2898
3351
57
20785
25636
19178
25638
27254
29037
7941
24117
23148
17251
3797
31725
24331
11378
15912
16566
25003
21983
16703
32668
31163
1963
21796
592
1973
10170
29246
8559
31825
13364
27938
12807
8186
15660
6572
27736
28286
8575
9295
12247
23305
4863
5545
18553
4180
9681
13402
6445
282
28436
14615
20394
23756
30403
2298
1388
15493
221
27164
29177
7232
29123
26214
4713
29769
20961
20644
27173
1777
13456
8155
16623
13958
1595
5341
547
30594
1473
24090
8508
13059
27931
11705
10137
11643
3391
30184
20354
17833
24900
16240
20582
8136
23750
20108
16486
4358
31116
2555
12056
24375
18536
22612
23940
10443
2399
26522
14195
2301
3850
4880
29162
19534
28988
23374
29425
18738
21222
9365
26264
12553
16183
12128
9532
27984
25095
32571
20231
23833
8053
9176
16566
1720
20175
6240
17823
4544
7347
11527
10994
7470
22644
12003
6207
17891
12479
16894
20792
29016
9087
8618
17593
12429
9469
15124
3333
20290
16972
22044
17747
25450
17124
16484
22665
28893
3469
11943
11591
30029
21631
18509
21287
28795
19655
4412
5443
15530
29932
9712
5624
19284
11987
32206
22506
6685
12512
10165
22600
29701
4702
13527
7762
21217
30497
17863
25624
29964
7785
28114
15492
31578
22794
24723
23194
9037
10954
7618
24063
29068
6923
3917
18616
24720
30890
19882
565
26529
5414
32363
2958
28161
15109
275
18700
32359
25459
24104
1259
20142
28461
11401
3934
28623
26269
24834
8148
14861
1350
15390
23418
18799
5219
19004
9473
7795
22731
10725
6561
14081
6168
3165
24414
13214
30984
9336
10378
23778
17188
30639
4235
7468
16799
17779
13790
17044
19840
30914
13660
7457
17156
22519
27324
19773
26173
26342
6746
22117
31488
12072
26678
18981
5118
25268
16448
8004
23857
3247
5075
2364
25978
17542
4223
25580
11144
5945
13323
1937
29179
6906
25018
6387
7881
24822
23758
10716
10721
14707
19531
15822
24335
32283
11261
1781
30496
22167
20156
28507
19526
11104
21999
16987
11710
15058
16975
2648
5807
1155
494
30383
19542
32466
8055
24041
10080
19139
30391
12342
3223
23050
4700
28183
22721
15205
5885
30554
17349
303
24411
17995
32528
30259
11751
27433
4919
5310
6020
23511
16606
29688
2957
27604
26840
8051
7450
109
16272
3333
29055
21809
20391
9427
30742
25766
4062
4015
20287
18746
4151
16292
31396
10876
599
26318
20162
2700
8495
20591
13733
2000
15323
20544
12530
26345
26570
15365
15659
30950
7712
9060
31279
12727
18520
14839
15616
740
46
10144
28361
20095
1724
13085
23840
1623
14051
31452
24456
19310
30444
12304
30266
8621
28015
2052
17957
3031
32116
22447
5683
9148
19929
3466
12750
687
24564
32158
21667
3641
31096
13281
933
32015
26013
16578
30549
10306
20859
13315
31553
31926
18359
14791
26315
8405
3938
3564
4908
8836
29214
14746
29369
16726
11651
20252
11620
10496
5057
6127
26245
12302
8070
26905
4059
28372
32546
4540
28109
17062
23273
6123
12534
4428
23256
14268
18657
24752
12156
22687
21521
5850
8720
27886
20805
30238
28646
28613
30202
10644
29960
29971
20016
30153
27166
32753
2417
25012
14738
4915
6416
27628
12275
12349
943
8216
2967
14361
4611
8358
12165
25286
14556
30912
32145
16594
25695
19067
7113
31531
2198
11602
10512
17714
6956
20692
9481
13585
23153
14233
3895
30286
1444
7802
354
2721
27250
25601
18748
3331
27578
1055
17732
11016
26003
31773
2283
18542
4752
10965
3061
246
22083
290
26915
31858
4351
5781
28687
18720
24802
30314
3671
12342
29715
14522
21501
14526
20553
15346
5902
19620
13197
4739
31362
13326
29248
30939
23652
23275
30303
26517
28467
5327
17414
5612
647
21246
10035
118
16119
199
28365
18447
22843
31251
22757
32018
142
20541
5179
10960
3158
20772
31492
14138
11527
1151
27370
27361
9285
4977
24149
13601
18505
20062
10985
152
22149
17660
2384
11229
22923
9389
19001
31343
9771
20748
23712
4588
13275
27333
2384
22404
21597
14507
1959
16812
3739
9988
20378
29207
8406
20775
19704
11234
28159
18762
22515
31247
23141
4757
5852
6708
23441
379
11566
32628
16238
30281
23502
431
28334
9727
30353
3318
11880
25952
21247
25922
9478
10821
5207
21093
9822
14134
30931
18496
2847
9531
3116
24375
5999
16368
25441
12514
13522
26584
17845
27909
846
28403
26358
15043
1485
9107
5893
14862
28098
32107
2707
14690
18959
8425
8489
29619
7463
11462
19563
27300
7791
1499
31901
12537
10987
5430
13926
14671
10518
11373
13780
32010
25617
1074
17057
3984
8704
2344
6581
29109
31154
27381
4075
14709
11136
8601
21016
25065
375
23806
26186
22388
31417
4815
21069
5182
17952
7822
2932
24803
20517
10209
5013
3436
26624
17197
26454
13950
16401
102
8615
27345
19839
23590
30864
17636
19231
18172
30509
19695
25495
14086
6391
14106
18115
30658
10820
20972
11863
11297
4626
14598
5574
14045
26880
8209
10595
32013
413
18933
12486
14071
17893
75
30834
17189
3593
7958
32437
12219
21615
2221
26575
28167
27386
5628
32086
25690
5515
22252
15576
21014
11720
14112
14787
14857
13340
23266
22146
18169
29182
18525
6377
24192
4471
12556
7635
22043
19934
28530
28681
32381
8679
3340
18022
31017
5852
25732
27961
3135
6441
13351
24299
26774
30238
13465
20450
5644
26353
1991
12708
31258
19714
5150
28992
11436
867
8187
29930
3887
27032
16738
7397
23019
2971
30194
19366
5011
2852
30488
14646
10010
11814
7812
5592
3017
13981
28377
16364
13199
26503
5289
4371
13208
23344
29600
1684
23328
3763
5119
18686
11402
18110
1100
22287
27820
12693
840
22485
15470
27226
1570
22547
28819
16779
28394
30438
7126
28364
1864
17832
32569
4071
4974
24341
21658
6417
4427
31148
10119
6767
30722
31064
12371
32472
2970
17488
25961
10205
6391
24380
14049
2822
11785
5273
10321
13407
8771
11102
15590
21043
847
28896
27059
11800
14848
6643
584
14123
31624
16210
21383
413
23275
31041
24755
24431
3763
24176
30410
30329
16102
27171
2581
30641
28469
3472
4605
23466
22902
28808
22304
18523
19540
9562
26532
1058
25157
21493
9675
6665
9405
8268
9416
4935
28578
20479
18386
27146
10495
29495
22390
6515
8444
5329
305
28386
11790
13760
30014
117
22891
6060
5805
27851
12225
6879
29109
18446
2599
13154
27723
23088
25428
14691
25843
4724
3342
6362
13271
21553
23014
9325
16918
211
3875
3984
11102
25378
13052
21488
7613
24519
2826
1554
27572
3851
24316
23863
1166
9187
21389
29316
18159
17450
29107
31583
25008
13869
11801
796
14058
1900
1232
26585
30033
4255
32066
7846
23492
31480
10855
746
23330
10920
31547
13570
2654
12964
28527
19498
8406
13737
1118
24481
27360
22653
28228
11016
27814
10617
29098
21003
10037
8516
28965
1860
13264
8417
832
6748
10634
4332
9399
12660
276
1568
23270
12739
27347
3869
23168
7040
19253
3944
1668
23810
20806
19380
23405
24870
23422
2912
6826
23793
7901
29504
19021
8310
17467
32160
23815
28410
28633
13190
5716
8791
26427
2872
32499
7582
18746
4094
32153
21248
3157
14121
26598
24815
14152
1620
8088
2688
2016
28394
4095
3860
31757
745
8113
9527
28985
26341
27262
7368
19928
9551
22438
27739
26944
18167
24650
11739
9659
21712
6689
20084
28891
9971
23148
30127
7694
9447
1324
26591
20338
23328
23698
26557
24811
2501
25783
23375
2418
4279
12173
14350
9904
23758
9494
31303
26315
14950
7123
11202
17536
12570
21888
15778
2418
19663
13310
14732
19137
30709
14993
3595
5087
19209
12107
31283
13215
30046
28872
23685
24463
8990
21532
26899
8584
1163
7946
2789
17283
23179
29303
29850
11694
11364
14621
9298
27328
2756
28292
24268
18057
1028
21038
26060
15053
11693
23314
28096
7762
26428
32589
5794
19000
14882
9235
27680
10633
31503
18923
12539
26385
4208
18716
31149
11632
567
12898
23118
11629
14042
10214
11192
24205
414
17005
11242
11749
26133
22224
32170
3884
13541
12204
19311
9236
26060
3930
4477
28122
21217
3618
21330
15644
14621
10411
16449
21484
8729
4790
2909
28194
6937
8716
31384
9206
23882
26037
28972
23246
19272
15723
31034
14420
26595
1359
4273
19404
10787
10714
15730
24997
21130
14357
11442
13645
9624
15885
24991
30026
12181
3969
14150
19847
30090
17119
14772
27627
14225
31343
6747
13104
10318
19917
17336
4083
15806
26524
20531
9223
32559
11129
26695
15375
29840
30766
19426
17228
6891
23080
2831
10675
560
16940
12754
28739
30772
5189
27475
20373
25849
8961
24639
11445
15408
27356
21612
20528
10236
8701
18364
4974
20729
28704
7747
30786
26493
25300
5036
24256
21022
29158
32216
19791
9588
10269
8905
32511
18720
17447
9663
11292
28172
26068
20384
16643
14837
7042
13981
30516
19495
25561
2323
1193
32648
30648
32687
21862
3544
28782
15062
850
30775
7726
3908
69
22760
8893
1523
9826
596
9326
4926
8871
3922
11600
18758
28098
18597
2726
2453
18214
966
16535
31233
26207
24293
26151
16595
22178
32298
32102
19497
12457
11840
7143
10393
9918
4116
30580
11031
5909
12762
11008
29209
6238
14674
18397
505
13467
841
1840
154
17967
23650
12193
21582
11064
14102
855
10743
17183
762
18979
9837
27246
2368
19451
18208
26849
29313
20395
13823
1471
22970
29127
5272
13930
4244
26596
640
6965
30952
1031
25333
15991
6018
3166
9666
18910
17445
15150
5987
9733
6864
31501
31850
14408
4672
13137
31777
13015
23478
14536
7793
11017
28666
13994
24834
27123
28064
9163
10148
11066
11402
6165
3054
15909
10926
5686
20516
15606
13849
7574
31070
20091
30772
6284
21735
9696
17991
31441
27876
13511
23355
9269
12342
17306
24228
23440
20897
25632
23807
30204
8749
29263
5431
32321
27340
5986
16239
28817
2366
811
12539
24182
21554
20393
431
3848
2734
17117
5725
28515
21168
25306
13465
26456
2838
4124
959
26211
29883
6682
7992
15581
30435
542
7672
5491
729
24661
13131
8919
23254
7970
19666
21941
16421
184
20936
12009
19589
8936
26506
495
31439
30007
24407
15259
8920
21812
12628
266
27801
17673
10451
15064
32397
28751
9684
24723
27483
29479
6092
6256
8885
6022
5542
32573
27008
31952
14088
11415
7477
23977
4823
18269
18055
26632
1789
15973
16198
23436
11626
31085
28547
25108
8792
5716
26101
22154
32724
1674
20379
28159
12922
8389
4771
30461
2944
31477
4235
8984
13302
8315
21382
3783
25931
30869
11041
31602
2836
28957
31782
28620
12809
16756
18368
12899
26704
22969
11745
21110
29439
21054
28385
13062
31964
28476
12392
19503
8807
3269
2445
5817
32538
1787
6719
21995
8175
29312
12772
13215
32547
14637
18753
25244
27961
28423
21402
15135
2883
29550
11034
1467
14941
12952
7285
26723
9338
6974
21963
10694
16995
7317
15568
16091
764
16512
28714
22204
30665
13828
30746
22711
10930
24572
27231
2210
259
15374
1367
17776
20407
13789
1640
5634
1270
14976
16286
30783
2780
8244
12437
9831
18300
13901
9882
18084
24101
4467
10253
14563
5604
26634
12041
30433
2377
4850
30536
14985
878
1649
25408
24189
11830
22381
15506
11507
30163
8415
21413
4290
17803
23940
17038
23740
443
2518
22324
7487
25372
8762
26801
10247
5957
20859
7163
24134
19057
25463
23491
21751
32387
20504
1949
22383
21319
29318
7778
30773
9211
16539
26578
9235
7694
5784
24958
27501
13607
27414
29414
30162
6249
32575
11486
21457
3318
24381
6198
8974
20913
18163
22425
14485
28745
16107
8374
17773
8051
1424
20638
10609
6774
6302
8045
26715
4589
29398
14125
29986
6600
20982
12791
18310
14485
6376
17243
28648
31742
8762
4355
7520
13970
5838
32402
18954
19144
7379
28882
416
10048
29427
19471
30286
22605
19406
12734
22465
21169
32168
16739
8322
23463
23134
24753
19842
12839
17311
20210
13302
23909
20312
1961
26980
17563
4208
14454
29182
29704
22454
20027
10544
13112
280
23933
6261
20615
8469
27149
12398
17889
9845
20967
6197
6859
17463
24410
1775
10151
14283
18025
23456
7731
16257
4466
26436
31572
21826
16653
7451
17938
382
9015
7492
16355
23141
9648
19853
27180
858
10145
29834
1285
16548
3714
2788
27453
29543
8763
14068
28573
4563
29833
9872
8049
28572
22436
15141
3653
27306
10271
15366
3821
20497
28175
772
32200
3395
6511
22335
69
389
24003
27196
23973
927
28924
11063
21763
28632
12700
25786
5266
21025
30746
22638
13863
145
6024
19762
25847
14865
20851
17258
4257
7513
16651
17305
20847
3099
387
31539
25048
20093
5051
7084
20810
2765
18205
12245
21543
25968
10693
23400
21774
23836
17380
14561
11099
14152
8806
18832
6897
4320
29906
11245
311
26428
17010
3115
21344
11603
31413
784
20976
16684
25809
22275
5499
21910
12972
21351
22704
9241
15101
10791
9111
31532
7854
5010
15383
31912
23942
8298
32699
8317
7684
29239
2742
20388
11406
19937
20516
11093
30155
15486
1938
21625
77
11881
5057
18274
10611
21652
18087
8122
10637
9247
9911
22713
9026
14377
6498
23963
16943
1510
5854
32338
11473
5873
19238
7288
19877
15844
18498
9351
14221
31015
11720
10060
10614
30725
27043
10137
30008
30213
30227
28731
19901
24695
14581
1579
16486
31309
26693
2825
23978
29228
6113
9157
21761
7875
21647
14240
2048
21852
28738
6995
22725
3760
25497
31885
14229
19968
26793
8611
13252
32353
13052
20867
5077
14936
26841
30699
14563
12710
16838
23000
20800
8549
28236
28224
7771
4692
11514
12035
20967
20848
12461
30240
17977
22212
15374
15140
5618
3713
5723
17641
22239
14417
15723
9084
31773
20713
30956
1631
9089
14813
13040
17137
21046
5049
14760
7978
25768
32333
20078
13451
13729
13128
9737
32597
16562
12041
15917
28154
17365
23473
11330
1233
9296
29309
18790
27149
6877
1875
24501
28144
27399
29338
15560
25404
10711
3407
19835
23531
22448
29525
9972
7711
20856
16397
8417
25948
23800
31015
25856
17397
21638
7096
6117
14532
13793
32652
32504
19742
6236
1213
18365
20230
20031
16260
21592
31649
13674
5712
12624
11755
31547
1557
6291
26023
22450
231
9658
15004
979
6855
8079
4094
28492
30909
31436
7211
31064
13863
31270
6296
12515
13392
3978
11786
24559
2116
25255
28937
26166
31459
8364
657
10001
20277
31059
10508
3736
17149
27934
30077
29195
32145
20704
18686
20337
24808
10880
20076
12414
28917
19194
15457
13498
17715
18854
29538
1760
14466
17597
19546
16772
19249
2841
11079
1785
27484
4924
10804
20594
6008
25492
28775
14439
3884
20478
2523
17467
1634
12424
21233
28955
3743
30075
19554
2089
10895
15513
27512
32218
16357
19363
14974
24732
23394
5150
23925
6845
31538
9303
20232
2952
21375
10661
27074
15281
16705
26606
4479
12531
24403
19052
4384
9463
29132
29105
131
9080
7052
25321
18099
21413
4629
15456
3163
28870
17309
4932
12929
13859
9057
24235
8560
16929
4155
5079
1014
13487
2423
22457
17104
3296
9699
27061
21603
2521
293
11173
13485
4846
4945
27424
6522
27400
9915
20476
14043
13130
24586
5137
10196
244
3214
26688
20309
2695
10964
10933
17771
12330
24951
21096
9400
25420
22584
13290
19489
12683
10065
862
26822
30420
20743
14277
23607
31436
31103
13184
21221
32111
20690
22031
7894
30455
25443
23327
10909
3840
17521
10948
6282
3817
18152
32515
25118
21373
14461
659
3009
467
21241
19684
16567
882
22485
24417
27473
3513
2568
2035
7520
14463
31261
19654
23791
26614
22664
17743
10546
3541
16954
1166
19385
1462
15219
30864
18921
4284
19672
25401
2733
13434
30405
20544
1129
272
28388
11387
1840
663
23551
25181
30518
25024
1042
8125
2952
30647
8357
10456
25850
22862
19800
23706
4449
7511
17600
19993
20227
25169
24433
5987
9292
22344
2396
18809
8131
19446
8540
7579
21564
3118
30475
19398
25934
2683
23258
10876
14343
7684
29793
31683
7135
22450
21235
2928
32747
12949
27766
677
2131
9092
32369
5273
6150
19460
1383
26775
8876
21612
15972
25930
23261
12614
26325
16695
4240
22519
11932
31883
21462
9891
4196
10263
12232
843
1074
7577
4541
30264
16445
3389
12481
17309
31744
1123
2371
18552
27021
20899
16654
7865
22820
27150
1915
19622
15108
13239
17892
894
29569
22899
13403
12636
13655
3036
9884
27231
22078
21404
9537
27912
20927
22760
10037
17891
28229
17482
32619
22122
14455
7332
21200
17190
18629
18034
10878
3351
1857
2127
30258
23126
25009
14523
4864
12793
10210
31003
10821
12087
575
8705
31966
28621
13985
17582
28311
16799
12137
26069
26086
21411
30925
21922
21466
28155
10351
18683
30798
30049
25396
6150
13922
15816
30035
17899
3372
28736
12460
13787
2218
2075
1372
12625
16123
11086
2190
9111
11727
25114
23955
11917
3101
29163
13622
31910
25620
24448
22345
29747
2387
23628
27268
12260
16220
8988
28304
24715
9286
2043
7262
31780
13235
16210
8381
24083
30210
8276
25900
15532
12230
26265
23276
6136
9590
14089
31834
1462
18278
27644
30844
32417
23029
27808
15578
4337
28168
5018
20879
7204
15800
26864
15263
31230
16712
13094
22923
14543
4186
9127
28195
19188
25442
8807
19868
20384
18778
31943
24802
22749
26040
31673
29487
21197
19101
9508
32221
28726
17231
11402
26233
16445
8937
22248
25368
20850
27473
21981
30958
1549
24683
24079
18716
32119
23436
31947
8138
14093
29490
28907
31094
21024
19186
2813
29323
3904
8113
22689
21814
30394
25623
7987
14709
18527
321
27050
27505
6279
4022
11712
3085
15958
7325
19540
8127
30526
20269
28940
32671
25541
612
5438
24765
16777
9980
10769
26040
1665
411
11743
28300
16773
6474
12510
6828
25617
27176
3328
12625
22854
12383
21783
25617
3633
24408
16189
8115
20304
6443
3699
24386
8018
14938
16264
13664
27423
19902
32061
32733
16152
31937
8102
31112
24992
20430
15059
7749
30427
21254
176
5472
4533
29493
31274
5665
22055
9988
23443
31393
4278
14448
30792
29915
26428
17018
6545
6662
1770
14112
15560
14371
29582
397
31934
10706
23570
6285
10842
7273
6213
5443
22659
31815
13279
8734
24384
31590
10943
22025
6686
26160
14966
20450
26067
14996
27913
9774
8480
13656
16627
32523
13564
18865
4714
25701
26606
14097
10723
10349
187
12608
5080
28231
31809
20142
9673
11011
23203
12552
21633
13007
18342
7177
16282
9835
8795
28307
5699
21725
10239
12798
14657
25957
17951
13232
15924
23987
22527
23789
14364
22616
21309
15601
26907
32635
10162
31036
16765
8141
22169
6190
20469
26559
1267
22995
1833
9970
3370
4864
31857
8686
21492
16031
988
19992
25722
14663
19829
2526
6074
23312
26564
9525
19241
25509
19351
20037
27293
27802
21762
13922
20843
22016
19876
831
18124
24887
27692
24670
6534
28164
27932
17611
7880
3555
10445
16650
6229
24991
19123
26958
17892
29983
3555
12268
9671
3459
8914
17422
10444
7536
8800
18604
23905
21415
12821
30648
22011
30685
15786
1433
20152
2503
27083
22747
22083
22132
9243
27173
32248
30687
29817
24683
21832
29381
29570
15716
13407
26292
2646
11839
6661
1125
24479
21650
8386
15947
5584
7059
20294
26476
16043
28042
18439
13424
10246
23942
7212
21239
26062
6479
17834
2864
15692
14237
3245
8104
21927
13959
23609
24415
20907
15934
18961
7713
14024
31739
21976
1811
17758
10550
9078
32141
9784
4889
13501
39
4438
13876
26189
16919
20975
17010
13236
28346
19382
6988
1754
19312
25949
10300
5789
11181
31831
2421
6328
27469
17891
1233
19177
25384
16710
16139
5971
3047
8023
5422
22561
17174
17217
10829
32364
26234
16517
32117
8286
14756
31294
7136
12952
18886
18345
17259
28882
17350
16868
2378
14785
28817
7926
22779
25150
19378
15888
24440
17316
26659
18707
14001
2426
5986
3921
25913
594
1736
32152
1600
30704
18199
22381
11713
21167
29266
5525
23804
3105
25553
3546
6951
13558
13972
18443
1633
4639
32216
9285
28903
5427
27624
13937
24202
13329
23350
31502
30305
25543
28074
18737
15547
15026
13882
9673
10583
32231
8379
23592
28120
7634
3062
32703
115
26141
18943
15145
16107
25811
31426
4204
15807
19654
29919
28283
6050
22318
12472
16383
20779
26770
27079
22358
9422
31980
27190
23516
19211
7944
13481
7274
4837
28461
95
27421
24214
31999
15225
26201
22657
30884
1945
21261
29800
32550
25775
27704
4319
1560
32272
19372
19712
10877
19913
20498
26209
26341
2610
9262
13123
29913
4550
19300
3340
23929
18737
22395
16120
32100
8107
11170
19723
32728
11653
28848
10058
5403
8449
7856
7466
26649
28007
16285
9545
5966
28757
20330
19804
13542
343
23877
26216
4643
8119
21021
16694
23040
12951
98
3841
16148
3900
24844
14961
16568
14765
8670
19661
19308
4989
26860
13164
14455
27877
29019
31084
28878
11286
25960
18855
14135
32460
6571
19683
23982
18983
3485
14409
27144
19639
21849
8217
28118
9941
20639
25243
5516
15674
21278
16217
13027
10698
8691
28299
18043
11953
27245
19667
19653
24497
5651
28458
21024
30138
8168
13082
4674
188
20205
7983
9946
27577
31208
10152
2419
1822
14436
11121
27804
3411
9465
15702
12358
21905
5325
3441
30061
10484
26715
1764
5371
28113
22899
30158
32233
7497
27266
18807
16039
14110
23316
18126
15806
10182
17815
16150
26036
21694
19042
7900
18479
17185
27638
26924
31838
3193
131
29444
15509
5589
23726
29449
1847
15644
7057
14713
18137
28832
10243
9313
17828
25846
27418
9232
28667
23814
17391
25547
10846
14430
11425
27330
16015
15308
12445
18755
9203
18475
6172
9774
10042
29565
27885
16553
13635
14394
15476
14868
19769
12008
15091
15424
24067
1516
11272
20443
4827
11168
13431
30511
21308
24229
31018
24845
31234
6267
12150
18435
1997
1614
672
20949
21670
1043
29344
811
1253
19924
4132
7048
17745
23368
14808
28027
4746
6567
16101
1817
4004
30652
2743
16042
12309
30780
15876
30627
14545
15958
22794
13269
23731
18571
23320
17635
30751
19904
31567
12793
12262
28818
24234
9659
30569
15593
28476
30844
16898
9168
14521
10929
25503
27012
28216
25509
25776
14794
32055
18542
19780
22150
20960
16159
11118
5258
12427
29247
22766
6828
18563
10362
17421
5915
25613
17559
16329
24307
22950
426
7986
11278
8845
16267
8212
27934
14977
29574
26838
23544
11468
4436
7586
20019
29312
74
20679
29682
1537
28881
21083
30974
20419
9750
8996
15384
20565
2051
3769
4237
11167
4461
12516
15882
31080
28303
27211
12978
32539
24503
2127
7022
14026
13375
9269
22148
18291
29119
32131
29804
21122
31617
21421
15071
15000
20021
753
24112
18315
9190
26752
25823
19374
5165
20958
26988
11858
1189
31627
11881
32652
32158
25315
14547
31033
14102
28483
25762
4416
29157
13933
10143
279
28983
24622
30326
26249
10303
27966
12
25014
28714
25959
13074
21595
23122
12521
16859
9811
29365
8478
6250
13150
1701
27738
30928
17954
17345
8469
12725
17519
17187
21580
9012
28871
21723
3876
1516
25886
8092
16337
10323
10974
26806
12726
5710
5166
6212
20685
24319
14964
19879
15434
27870
17944
6195
27771
9228
25484
10279
28659
15076
2441
3043
999
210
29851
19797
3032
1896
31711
949
11378
25006
8971
11634
3509
28090
3504
26220
2130
23681
14268
20067
16984
27629
5955
13231
32527
1840
2943
22066
9764
16727
15637
22156
17927
24098
21401
9613
5522
23827
9301
2032
14571
15045
15942
582
19883
23679
30568
16688
576
23049
24372
20945
15504
6590
14950
16003
5086
29411
27651
25545
8690
18999
28571
4486
28532
23755
18635
19564
32666
11540
3079
17334
16131
17983
25750
20250
23010
18884
15326
2297
15710
31550
26082
22746
18489
15994
30473
534
28336
15310
10017
2772
21923
7852
26019
3896
10486
8822
825
21720
12599
24980
5245
12912
27777
6853
29188
8150
11936
24754
31131
560
3189
26569
29904
2148
5788
26184
18613
11216
10061
15000
21216
10556
18304
19421
6070
1548
28501
22731
9706
30138
9650
10427
21312
13188
17198
21246
13975
9314
23598
4209
806
21819
5709
19281
10502
10584
27906
24913
24304
19737
10621
19434
31049
16615
4561
8947
12891
4201
4952
11633
18406
2555
27731
29872
4567
2652
6354
3475
30295
12454
1748
3112
24327
3716
21934
21887
5002
10399
9393
17341
7493
23385
13575
20588
6242
30654
25310
14613
5659
11447
14793
21009
29749
4225
10338
31644
19914
24158
5941
27947
26956
15499
26329
19200
18375
7793
6496
14843
14694
5919
10994
26035
6969
12280
23988
11461
8757
6057
31982
26476
22397
15711
23406
31826
10720
11318
4391
14246
14498
15092
15390
6255
15231
25591
18567
2080
11245
22892
1066
12396
5026
10690
268
25435
9302
2142
2892
18846
31946
3729
13899
19232
16137
2247
17679
26077
23533
9217
29162
26359
14310
3973
22870
14854
3319
26323
3108
17072
11777
30684
3286
29819
3908
14703
15433
7390
14371
1524
31127
5022
551
28252
31035
17752
18759
14680
6006
19545
29031
25289
10738
2998
25886
12152
5286
154
29116
10504
9721
15834
9356
5673
32298
17871
3414
17166
1519
13924
2600
11808
14428
31598
86
27892
17415
31548
9920
23930
18282
29039
17747
30584
11400
27660
3539
21047
26580
7888
29143
12925
7758
196
6677
13498
30447
26641
25311
26502
6983
6164
494
27211
11109
30133
14687
25663
10487
22005
15355
26518
7602
6855
9915
5365
244
4641
13195
4905
8360
19282
2383
12057
4459
22166
19748
14329
27116
8936
22760
27585
19865
28183
15100
2014
2680
31516
25416
21031
20050
683
8576
11794
14103
4616
22694
4648
17022
19484
3025
29110
24812
16584
10284
28358
12183
20089
12353
26701
7659
16893
11384
14502
557
10389
1242
14399
24926
2123
10267
22675
28258
29317
9176
27480
1121
9435
4637
27129
8302
11302
42
20806
7782
15833
12919
25963
15643
15253
27125
29214
11698
5367
3735
23325
12874
31669
25361
4312
4063
7657
9696
15722
22381
23212
17290
15822
19032
9447
32295
15184
24075
2150
11808
31041
8927
1326
55
10991
4671
13585
21703
26069
2059
28543
9293
1038
27449
24479
3368
2832
18882
16542
28317
27286
27580
13384
13598
10206
8643
26581
15308
18709
21150
31493
26426
5392
3104
23919
23924
31548
6987
5653
32576
14296
28604
10557
1699
2145
20035
4220
28327
1102
5841
30996
2140
28158
8599
15488
24861
4079
30572
18252
24084
31280
26991
25130
12545
13337
19438
4419
2614
13881
22663
32203
11238
16528
31629
7640
17056
24830
4270
3700
10007
15868
21202
21488
27940
31114
837
29820
25614
16488
3097
8437
27656
22921
8646
24574
17659
18885
10260
28498
14982
24526
24123
20313
20804
15461
5704
11513
22861
10958
31682
7598
2559
23937
11662
25053
2814
25378
12048
8549
3705
26547
29843
22136
24751
5641
3819
23209
4274
11644
14936
19013
5739
8163
21678
12775
6623
19392
32435
14919
16304
9911
27849
18003
7911
27717
10957
14209
17392
9390
22334
19555
25830
6199
6562
19836
11026
662
22565
31826
13742
6823
28804
30916
14830
16992
30761
4254
25665
29447
18328
11627
24276
14754
21769
21642
8535
22448
8790
28036
28165
23574
16920
17053
8158
18524
14349
28585
11831
5657
14526
13089
2421
12460
3166
21878
13590
14125
6388
6821
17137
6820
22461
29196
5054
27768
14795
22652
216
28970
16371
8335
21314
19266
18918
5436
11240
21130
24734
10920
16680
27515
32764
12607
5521
29429
9135
16132
3051
4659
6999
17189
31863
3837
27114
30675
12152
27679
13399
9808
24817
28187
874
29002
12721
22555
23792
6503
10637
29993
30747
28705
12013
16802
4392
27860
6026
18664
8254
6165
13941
2904
30618
16710
2908
124
3305
12903
30473
2433
29173
22063
6443
26603
16516
1116
15193
3207
32125
26695
27988
21153
14157
13755
13964
31608
25481
8199
230
32239
16341
18258
8381
32389
14852
4143
7719
903
9089
6514
9081
14725
13293
17473
13581
23554
7945
622
5698
5743
16855
24324
32709
29019
11004
29983
2831
8164
617
18689
30511
16753
5178
14179
10954
27555
734
28425
5984
4232
25721
10393
25040
5394
20358
4269
29727
11208
6849
6183
23669
18364
21572
7877
7528
15293
13296
11253
21373
22989
3342
10730
21484
9942
822
22255
10404
30360
1648
24827
3471
998
23194
24454
21271
22802
11786
8092
18921
7334
884
30256
7161
5716
29453
3250
14022
48
1776
23524
10975
30749
14017
18665
9382
9605
18065
6302
25172
26446
3330
11566
19261
7689
25772
16865
3158
26220
19647
6453
24052
22530
31977
20784
22230
7201
28794
20980
28774
28957
11462
2708
8252
28091
18122
28710
10980
6376
27667
29466
5089
10667
29404
24266
20209
857
13687
22353
5779
16904
15598
27041
3015
27461
32489
25040
789
5898
13010
23475
8912
9450
568
16814
13980
20879
6257
11722
23598
16486
21892
24840
27987
19865
10310
17654
19252
15422
21442
11135
28376
5326
9182
16647
25322
18392
21820
25784
2749
26870
13407
23318
23181
5633
14351
3802
25864
24193
6910
21501
25100
16231
14507
24851
4787
1791
12679
29402
9869
13600
6743
19987
1580
11174
15065
5008
9958
17185
8106
6799
19414
6095
871
17734
22564
8904
21266
959
5766
29561
20920
30950
6663
7507
8017
30177
7176
11716
9960
16287
31620
15975
14332
21172
16792
30584
20261
6500
20290
5770
20987
18429
6249
19836
16947
21355
4125
3497
11275
13830
10785
4959
21481
30382
5542
17811
26430
9754
5466
15826
13489
18029
6305
3195
12154
20746
31266
3372
16907
20138
1926
24442
13302
13740
13948
22501
9995
684
11009
32010
28608
16214
29406
25883
19671
27516
6770
1933
16954
31847
32433
22288
6954
26219
109
14276
22424
25790
31957
9642
2259
29579
12091
8025
24932
12353
24602
10482
31798
5169
1367
31573
7931
15704
14279
13205
31690
14713
8690
5802
13837
1904
19478
15718
11930
17090
26991
15531
23328
11640
2742
7642
11461
3118
23016
15246
18957
2151
17224
22155
8190
3363
12199
30449
3714
20916
13283
28086
13324
1741
22958
2642
7294
23004
26000
22716
22347
17049
15919
31638
14552
20191
22735
30372
19241
24764
20245
32131
12729
4804
528
6808
1193
13994
28282
16966
26397
8721
5690
9828
23780
15775
9006
24046
9047
2643
10024
13562
4483
4377
7478
14574
17290
28828
4135
21745
5446
32092
2634
4767
12336
10240
12921
21249
12416
7661
14934
5052
9622
22551
469
5256
29081
3095
5115
28900
19550
13183
24805
521
28043
7530
22795
7452
8700
15959
19910
423
20581
12855
15120
3146
12601
9412
24203
430
15819
5141
16326
1467
6836
8559
3515
4875
372
25695
30108
1694
27996
29701
22223
5071
4011
6835
30775
13446
20215
26551
8885
27056
21966
4980
17646
24556
29854
27064
1103
19591
23250
11849
24399
5803
27454
12225
17652
8403
12221
31900
17817
18050
12312
28304
16622
25141
12330
29
13632
28566
6466
8292
5115
7666
4809
31036
16237
26349
3621
23427
5580
32117
18908
17842
11643
10484
4093
14516
9865
24778
13244
20217
13691
15354
4700
18886
19275
2339
6994
2255
32432
8883
9127
8199
6816
21335
2206
32695
30227
24246
26007
25293
30987
606
24883
30583
29393
766
21945
30193
9601
6615
22712
6556
10952
22125
26094
12367
5613
18562
12649
13297
30478
1604
25836
8776
9133
25286
19604
1804
26731
26797
14011
27712
2066
27948
2845
9410
11225
20274
23865
9504
10468
14049
32251
24237
16139
26947
20631
20692
13532
1080
26296
17581
29923
14003
10202
26318
4137
18726
2036
13156
18938
2619
4443
26754
4331
29637
17891
29368
2332
7158
6983
2024
3003
18130
5835
25685
16329
11235
19487
24061
12321
17455
17287
16937
694
13415
2873
12610
13596
10081
30726
27878
586
11464
22845
19515
21918
28691
9165
19075
28449
23475
22697
25585
7437
31889
10865
13499
11916
14775
9806
3697
963
13389
25630
30605
24335
25544
465
18763
23438
16990
28178
24507
11490
7613
17962
4116
3121
24572
19234
22859
30320
25810
12840
740
8162
12038
21557
7689
16603
4646
236
7385
8138
9340
30916
29698
31862
3390
21097
31378
16520
773
20320
31754
6474
3712
25578
12468
24238
25962
30252
4151
27538
29113
6284
12905
19266
22809
17246
12900
24639
6296
20928
18396
26687
2211
17858
2736
372
23857
6091
5310
5393
30270
5432
30204
19211
5243
4677
11973
27420
17988
29489
9328
20238
8402
20637
17447
18998
6578
15158
18422
10815
5237
25235
21027
13609
30890
9056
21182
18576
25609
16573
27512
32306
19697
19681
17849
31148
10517
1283
3820
17284
27762
9338
3870
21868
29828
29475
3527
15301
13241
4867
30951
28771
12582
20781
597
21136
12408
32230
10068
24659
5678
4104
22120
5362
23558
6052
10088
4277
10677
17387
22995
28141
26075
79
3431
26421
21302
27877
26864
13048
3606
13838
9055
14387
32273
3926
8987
124
4087
21916
10140
2884
19465
7284
12597
26201
7269
10953
6961
12206
22469
10951
7202
25695
25705
4343
8310
8432
1874
32428
13131
14038
13233
9119
27013
15160
28319
25302
797
29430
6926
16074
14011
16363
16896
20680
23432
29551
10999
20376
25917
10784
22700
26973
26241
5347
15875
29884
3441
21285
16191
15680
20096
16999
21362
28413
12673
26361
23096
25972
29954
20997
31141
25015
31708
10448
6268
27598
14600
12605
18594
25432
3508
1939
13778
885
19862
24959
27793
24036
23937
605
3429
4457
8246
17587
16450
16242
9596
23806
31813
1273
20339
14770
30629
31404
25125
9340
21478
76
12638
2250
23119
22355
24766
909
23711
20697
27148
8253
3580
4792
24013
26398
26668
14319
4629
8387
28935
20548
13214
29392
29740
814
27927
14852
1268
23025
6334
17782
23716
29963
12337
22302
26855
12495
28289
3480
7803
32080
22665
6949
25642
28032
8062
28147
10748
16793
4551
11678
171
28860
3598
12790
17751
30168
11415
22275
13691
25550
4816
21062
32544
1235
9514
27970
8528
2325
2856
18747
12494
2209
14773
4158
21764
23684
30651
14177
4413
4912
4337
13900
11796
1058
10997
22520
22316
18114
28826
2231
16674
4235
1923
17781
27584
15979
1009
4157
21620
3437
20185
3583
11520
18069
12858
12688
27250
25099
32685
6130
16471
25981
1342
31190
23596
446
17530
22111
29973
13235
8137
15145
978
27759
29182
19850
14062
1181
17453
30999
30521
32542
5564
26474
4217
24308
27325
9507
21085
5215
5243
6189
15794
17733
26707
11075
4569
29911
22726
21170
20089
20082
9420
20064
32113
6083
4458
19725
22801
3631
24966
21721
8841
13170
32763
5382
15521
19846
4073
1280
24235
7622
22350
29850
29622
4947
14299
29083
31237
31927
10752
9849
30400
31944
28234
5732
20968
18127
26862
23174
11920
26090
23462
17546
4939
5039
29115
2651
30433
25106
21091
24366
1350
15497
11598
7618
12492
1134
30076
26598
25495
19620
15953
24381
25937
30845
28395
23358
18720
16859
16307
16510
30677
27286
13874
23858
10855
7454
4903
28399
26783
16482
26326
13749
24596
17136
16290
14380
10074
8541
9950
7469
16759
11239
24545
16004
30102
20313
7512
22773
20224
25903
8417
32125
22855
20219
30933
10201
27844
24839
20580
7757
8004
24636
1512
32414
11519
5954
31603
7264
28106
18153
21930
5240
10893
30152
7383
14809
26358
25380
29753
16273
29551
8467
23455
17417
23374
6624
12085
8584
844
1202
22941
10234
3129
3433
27713
9200
19950
13257
4584
22247
32386
9690
3976
17613
22977
6542
18267
31425
23769
27045
29237
13083
27223
31182
789
31404
27218
9743
26874
15175
15078
16742
8952
20351
1253
26545
23178
947
18632
9931
30762
10312
14316
17144
26143
6454
11771
6787
30103
24262
24231
27813
6645
19354
2975
1961
28268
15341
22203
8782
14797
23068
1146
25709
25757
3173
17071
25307
5483
28655
18295
4753
26464
1291
23662
30474
28440
28858
10787
4077
432
30575
22473
18924
29217
5398
21295
30444
14540
22100
21746
4454
14678
22289
29937
20237
6837
2612
25345
18097
25995
11949
6114
11619
23731
5561
4722
28378
17434
7777
29985
9493
2513
2628
6053
13122
1376
3991
24815
2015
16732
19562
32093
18975
828
32557
17713
30351
1384
10354
26434
12025
6035
31221
11249
16776
6475
14041
25695
11054
718
26932
23005
6467
28704
4302
20900
11887
25178
12070
30919
3785
11077
21686
19557
30528
14119
4984
21027
25659
10461
31401
13529
2940
31786
32717
6540
11594
8783
30963
16541
207
19676
3130
18239
16319
23237
14484
7470
5434
7096
23498
671
29684
23982
22977
8818
6035
30913
18683
7343
13656
19773
18528
5424
8194
26617
25151
6811
25327
16616
8336
31124
6277
18411
13948
20528
32720
13289
25375
30124
5484
18466
29068
2655
13222
960
31249
17389
32222
28591
18621
18878
6960
32431
3360
13742
1107
13224
14162
3334
26816
573
9783
17836
28439
7587
2816
11158
21695
10676
9717
14980
12493
575
16498
16367
24104
3235
2096
22844
20714
18332
12230
8758
23305
3420
30832
10171
9270
15326
2318
29365
22789
14199
13936
16205
21839
31662
8400
13403
19925
11853
19104
12064
15653
26808
3207
30519
6082
11134
2726
28361
2943
12334
3871
4865
20012
3436
28120
24767
16244
24899
21884
29073
25094
30141
12739
25823
28659
5041
756
26981
3671
30685
20136
31462
25660
7732
3536
10271
6331
22393
15353
29947
31844
23821
27599
11525
25057
22278
1248
14882
27093
2176
3747
21376
17930
5688
11449
6346
14284
6999
12402
28062
19856
139
25491
10560
9178
18780
28759
28304
11613
19390
2739
16441
18019
1506
16094
9516
5999
1618
2321
29005
2849
6717
6796
1643
23387
13839
28633
8566
31138
19525
7252
2028
22215
1664
28395
10645
19910
5336
21539
2672
13806
1906
6491
2285
24642
26197
30037
21596
1056
31609
31218
10150
24352
801
21309
7227
3135
13931
30635
10571
22077
25638
11682
9017
2371
3043
2615
20301
1993
12111
19772
24489
9911
19904
15994
27518
5322
15885
28731
14207
20794
23203
2828
25238
30106
13269
1728
19158
22271
15476
29880
16050
16996
9376
16226
20076
22605
22237
768
20944
19371
19306
25515
30241
2048
9678
1175
26708
707
20659
1176
28540
15366
3063
9189
2950
12886
8449
30493
27686
19939
12625
19335
21521
1761
21339
8350
15469
19245
29078
23245
19589
26420
8144
4983
31170
30225
23236
10810
25559
7413
26094
31605
16699
5580
15262
24583
28636
19741
17228
23130
32274
5938
16939
5281
16337
16506
14848
5213
17444
32043
10805
18214
16086
31787
26409
19624
14962
8497
31691
8684
9839
10792
18791
4569
5540
17364
22976
3834
16642
20919
5982
23169
8833
27958
24617
7308
15451
24568
9783
20904
24697
7567
4835
12691
3114
90
24607
29511
11291
19881
23563
4659
23684
17699
19142
30924
31135
16229
6787
13380
5214
8172
7648
5529
8029
7733
16500
25554
26646
10786
27047
902
12372
28576
455
14237
31722
15751
19800
24410
26276
21442
4779
21914
5758
23727
15794
21846
7700
5576
30226
1903
25434
27524
23418
7595
24205
3192
23603
7930
17769
14274
23033
18687
30365
19111
4362
10955
14716
20859
30076
23788
9717
8129
31443
31398
18629
13204
31187
16512
22507
26694
10387
29699
2908
15430
22739
30910
28153
11847
28815
13965
15038
30110
20693
13595
6716
6636
7891
4262
21577
11774
9012
11266
18934
12785
13229
17377
19393
24730
23250
18257
8204
27685
12847
6534
19918
28155
8852
8410
32649
3562
32432
18194
4732
9344
11233
20195
9753
23735
19787
8885
16313
6360
9512
166
22159
7833
8286
10194
23514
20104
16471
27346
4959
27309
22285
19330
20503
12395
18788
1031
26917
18856
19389
8465
31498
22830
19656
4446
18716
9808
665
20096
21301
11216
19967
735
29608
3584
26641
20737
6521
15400
3593
8201
29389
16680
8022
4478
7071
1886
25068
1102
9397
5066
24799
18707
1746
31856
6448
27540
22062
7678
26855
13711
18979
21679
29793
20150
27945
15471
30188
7671
2308
15424
11153
20480
9020
24796
22321
9987
7630
19100
1236
30646
20513
12952
2877
30623
11323
19216
31426
16526
17461
32523
28250
11627
17388
21821
29432
29745
13050
31278
30999
8507
4837
13721
1174
22463
11669
20242
3783
31640
10252
9708
20163
10312
11601
90
23552
6461
17837
21972
24357
26451
11802
6333
17692
16283
17401
17218
10345
30555
22787
11141
25787
8533
898
25339
2241
2124
16065
9490
6719
12997
28609
6424
24673
21515
8749
27480
10319
20085
4496
390
14337
10987
21190
20061
25429
10663
12721
2182
30559
20537
5933
18620
28672
6350
2885
21294
11194
9905
10151
4132
4546
9234
3669
30694
24151
11527
14494
30170
2387
27600
12877
1772
31488
19039
5408
5938
812
23832
22651
25296
18048
27349
18782
24090
5645
13869
16021
26873
25896
27638
23854
20880
20856
23304
304
27167
29005
22852
7818
13863
23603
31189
11850
29391
8648
30902
31759
32390
8906
32628
26561
25578
116
10038
28543
3048
5643
23546
5593
23333
12468
1313
30784
16029
31112
5934
10682
27531
17898
29387
9691
22152
16920
13581
28656
9718
10753
23800
12925
9119
1111
27206
29418
29082
5092
22884
11641
1647
29473
8382
28027
13434
3589
4924
13764
16533
28187
19468
19804
19441
3287
1955
17527
5445
8234
3582
17831
21803
5460
4654
1873
14790
11770
11027
29022
17833
29560
18792
19250
5620
29816
20223
1506
21440
196
11086
30369
21694
22360
8491
5500
12058
31420
6612
5192
17574
8080
10546
25048
2356
26984
10079
28019
2115
27099
869
16004
28127
5591
13129
13460
5826
9527
25928
886
27583
4248
22112
16321
3169
8552
29202
3972
3279
18495
8039
21300
19186
11635
24369
23273
7898
12263
8083
31690
27230
17955
26819
6598
19459
30122
18191
31110
31008
21639
5662
28319
831
18730
4473
14859
3269
31858
20041
11482
12502
12811
611
25381
8819
31482
15489
11076
18149
30326
29138
27968
20319
5370
1206
9867
5599
4504
10434
19951
16725
5520
18443
13253
29959
14881
19873
12903
3892
23711
31065
17128
15095
30918
8400
18946
22895
32078
428
12623
1565
20159
2341
8380
14989
27783
13509
27708
21817
27722
28779
2489
1962
16249
5526
9040
28640
30502
28640
6589
24820
31255
27337
2836
7932
24857
19638
12723
4655
28054
9018
12148
13642
20074
17555
6439
17202
9971
2680
22079
26586
3175
10770
10443
30823
28011
19784
29096
30354
6113
20799
1269
25422
20737
20001
8904
9387
13227
19486
26655
763
18683
18865
19482
307
3871
30501
32103
5268
25189
19287
13309
32650
31896
21949
19213
21460
32397
29095
14133
24549
14329
16069
11512
2954
8581
746
2923
26574
15653
22799
24368
30235
20645
20891
4520
27297
11909
26594
6245
28155
262
28907
14558
8720
19333
26486
13415
28216
5640
14653
28768
22177
30487
31099
28332
25328
28621
7339
10853
22571
20014
8594
11469
18902
2491
19327
28296
18012
20036
20946
22793
8881
10494
10427
31819
10550
3029
18244
19649
12253
6915
3730
32143
22925
30946
13927
19194
1736
1022
25324
18717
14731
15215
18350
2782
28789
15718
31718
13601
15660
5125
25597
21052
6653
17524
21583
31146
17090
21553
20784
8195
5385
14503
4140
9003
15218
25859
7827
26314
10329
27203
20790
5373
9141
23951
24939
22348
28736
30925
23383
7131
19417
10608
16748
15076
20262
400
2352
4196
28797
16192
21824
24085
11781
24092
4245
2461
8984
26401
20231
2821
3308
29378
5903
8044
627
4407
30929
5117
25471
3353
5722
15646
17194
15404
294
28138
20853
21116
4325
994
2095
27563
6014
23263
7961
16009
5717
15692
2887
12005
22730
9361
3529
12707
6146
24018
5515
14095
3049
26330
30842
3953
3447
5970
18408
32226
11827
27191
17458
27997
26870
31627
13216
31769
20466
3658
8332
20758
23538
11935
17095
28662
16611
17496
6200
32527
27540
10648
28870
13246
3258
6603
29049
22782
21815
3295
21211
9273
18332
21170
24229
19550
17132
710
28823
5939
10915
5180
32424
20717
20470
12800
27743
25086
93
8001
11649
30510
23887
16420
31724
28653
24908
6841
9411
1767
13857
25646
12491
26842
16488
28226
27669
11684
1102
2301
4318
26529
18329
11422
6579
15667
5353
32726
32473
16546
1085
3635
25323
31271
27834
17119
29381
22595
25512
31626
31905
31317
11454
18341
640
2412
32671
10193
19404
4954
18084
24983
14907
7178
15068
15193
26102
22803
337
13448
17659
19340
11661
3608
25023
11299
19805
14129
25880
23913
25045
29224
30555
22640
27028
17837
15553
18328
24650
3654
28944
17318
22391
17404
26231
26390
3189
18515
27577
11187
8120
20608
23950
18020
20821
16343
26438
30025
26305
1667
13999
29702
7643
22649
10041
2655
20781
20655
10328
26886
12655
21640
25386
18608
14413
19347
25434
32622
14443
32630
18244
59
11941
14373
15193
30929
14491
26712
17605
450
21613
32315
8016
5315
19907
11367
12930
15691
31761
16145
25099
14173
13849
20865
15714
28833
7857
30662
21163
8122
11974
12457
10462
26068
8353
13279
9510
11900
8297
28803
24455
16821
26089
20419
10948
15432
7060
4057
21376
25179
14022
19261
23203
69
9549
24
12031
19873
29736
11260
10804
1697
21390
20435
21712
12198
7219
28694
13755
14093
14790
25920
12499
26955
7870
4225
14547
27452
9558
18614
22649
11960
470
5017
22248
5480
10773
32565
31563
13783
22076
12190
13243
30412
32460
29918
9059
29912
31715
32050
23521
26155
10683
30583
17904
28843
13939
14815
32068
9800
32018
16616
9142
7049
4553
6799
28577
19563
25464
4544
31116
17260
5748
11794
3337
14051
31880
23473
220
4242
20025
20379
23136
4990
2382
31760
16423
5119
6288
10563
32737
30227
10447
1622
11135
26103
20261
18053
4504
32505
25727
7842
5387
21640
14936
14017
10214
4493
3272
25652
28038
8702
21950
16314
18432
6831
25993
27635
21696
21356
25758
8215
7280
26438
8853
19176
31260
3882
22132
25061
32147
2744
13360
12481
19728
2897
31601
15635
18969
21874
25494
4687
32168
3137
2297
2549
3977
23398
16244
25608
19715
29468
28196
17346
698
2696
22636
25734
11732
23625
30781
6934
18523
20816
19861
30470
13538
19954
18246
6257
3436
21819
10489
3562
22921
30342
4722
20149
28610
14666
3094
9528
1591
31543
15530
7596
13959
29826
11357
19736
30960
22141
14601
1152
23224
14442
8118
17497
29643
18065
16224
1089
24485
26512
30970
8941
15730
19443
20658
4707
31604
7172
13431
5225
29094
14308
3000
6973
