10000
20073
1313
29873
31880
27744
9709
16500
13317
1492
26896
23245
759
25418
1292
12294
13581
12292
3369
1809
13058
14628
17423
22988
2508
10260
31891
643
29207
15396
31954
25270
27633
18293
6012
26397
17095
29463
28531
3306
3472
3694
6549
19534
32584
28122
4309
3134
7072
7318
12433
887
9204
26081
10528
10944
20605
31068
8874
9327
10696
11956
572
15662
5734
11392
1307
27135
28902
30317
9817
26494
14848
9880
679
24166
15123
22075
11882
12631
11474
31116
12817
22487
13881
13026
8357
27286
22471
24858
31905
17654
5863
27961
24325
24522
32175
6994
5286
18782
17100
25259
9672
24249
11709
4379
31726
10782
2880
15798
6641
2777
17930
20141
6736
2616
30651
5743
26567
471
1553
19476
25635
30496
8284
25340
29012
20499
12594
1459
4292
17731
6243
14360
3303
13601
16687
25791
24852
15485
26807
22931
21395
14410
10418
30656
30199
5282
6753
6864
32685
3338
9669
31507
14038
16886
20751
3909
23378
18320
9304
12651
18461
4533
30098
2814
16095
24896
12479
3147
4542
5772
28769
29466
8055
3380
31281
9358
21933
25885
29715
24140
11649
23735
25930
735
22114
8319
22504
1372
806
13257
11913
14401
3418
22204
577
931
25303
3486
7379
18057
29078
11602
25380
26515
1478
4382
17391
22751
19995
23986
32441
4908
31336
30054
22280
19520
10352
452
2000
27784
4858
13894
2862
2047
14115
12384
2648
24144
25592
6337
2517
9791
26692
27095
9705
10309
21159
32657
29524
27770
30696
21608
22588
32697
13196
4000
29031
5118
5800
18635
22445
18
30963
9360
22957
25195
8223
11946
32192
27469
29034
5427
24619
4662
24944
10531
16793
14969
5699
18452
22984
2857
28605
4936
17026
32312
27157
6124
3791
27360
3761
19614
25193
3906
26427
2094
7536
23886
9975
21921
28767
3810
32340
18812
27711
17718
19649
15423
25370
14199
9409
3631
11443
13490
22082
22616
9076
31988
29483
11987
28072
13744
564
22597
26346
32096
21498
7848
15837
25199
11859
7502
6686
16727
16862
12322
24183
19975
7647
26674
23382
19591
5706
10602
1405
15582
20510
21922
1274
32308
26612
10460
12378
11572
26328
10950
18458
16820
31063
22919
1630
12184
7385
29111
22245
3827
14130
30639
19261
3952
19571
26116
7987
15089
18182
9550
24974
19317
1530
12590
5373
6207
9627
3727
23885
24117
13894
30507
3295
26502
21883
24145
9818
22159
23860
13030
9885
6144
7541
683
11000
16442
21541
25277
18331
22524
22300
16738
8782
23615
9341
1282
9571
30046
19782
7284
24297
10618
28197
25724
24611
3613
10894
1681
12601
15645
24074
13539
11564
4292
30674
26524
23055
27437
13468
32614
4469
3313
10933
28974
3366
16132
23632
24360
11286
21465
17438
17172
919
17357
4126
3519
4301
26818
32439
24524
7778
7434
4612
16308
12924
16776
3439
28940
6380
28433
29057
20743
23977
22296
27128
23611
19324
6027
25114
16808
17148
1528
13130
9974
32189
13812
8665
510
4549
16061
7198
11148
18751
1054
28617
3939
8820
1683
26996
7554
3062
32430
4731
24742
12574
18361
270
24080
27321
23965
28292
8840
10239
29187
2034
8354
25541
23736
11517
17472
31219
27478
4332
24408
28983
21537
29186
21496
3323
20527
23306
8071
15253
8396
9011
11085
13502
1052
8222
1590
23622
23810
15926
27602
15622
4673
29504
15521
12309
26849
16178
19342
1087
24021
12105
9401
14770
17114
5974
12665
9723
8866
30041
23970
5169
12338
13136
8707
13680
17801
15185
6195
30089
13698
4567
31630
2040
29947
27226
15226
16663
24375
27170
751
3985
6529
3420
22838
10776
23058
25198
16368
17755
5685
3976
29275
26162
23465
22139
10705
9244
22855
2767
2961
28652
23268
11791
9154
12991
15481
9832
4533
22833
6274
17267
18795
7889
13731
1358
3671
11730
30609
23025
2916
26371
22320
17599
11322
26113
9721
9308
7101
5546
8351
2751
3031
26838
5362
23432
10872
2882
7939
9363
26587
7885
16777
25805
29194
22759
23939
13638
2468
5190
19743
2184
5086
10970
9691
29736
3528
11268
26090
14490
17618
17155
4313
31561
30862
25007
32626
26343
18871
873
26337
9730
6771
7250
23317
27609
17365
2235
20585
32621
17574
4317
24708
31963
19813
21706
22141
16616
19852
13476
17987
13022
26133
2317
13117
24727
25917
16350
2605
8407
12168
12572
29274
12255
14853
16424
14830
31294
31187
7477
24989
2539
27876
15103
2951
18833
8193
19643
20832
4650
22030
24649
17870
14031
13456
26801
9490
718
6508
19661
30955
24062
32241
20035
13239
2895
2841
23735
1756
13733
17164
10558
30822
16103
25574
3605
31730
1362
26554
7827
4810
4884
17879
29532
14161
27670
22858
1752
6050
28185
4260
13795
25460
30468
19197
14534
12609
17788
1592
10342
16039
18358
17033
25532
4110
19593
16181
27013
13195
19144
29849
31291
11012
13006
28526
5699
16789
32346
29003
11368
20531
29342
31339
3208
13711
18578
8369
29325
1341
12174
22505
15775
12822
24088
3921
10137
14299
9467
18520
4281
2075
14489
2725
13211
15958
9345
22875
21864
24418
7492
3484
17995
10254
9349
14924
17956
12038
13136
32023
8577
24054
24237
24757
6858
1522
10868
13420
29627
4886
32354
31959
11031
9065
29037
25063
17051
1287
24405
15911
8497
24448
31868
13124
25959
3195
23543
26572
15391
25503
7141
21046
3976
32179
11263
13603
8781
13059
25201
12515
27404
22790
21225
3643
17417
831
7149
9829
17188
19297
7793
3161
19976
25782
21417
23371
16038
32449
13596
20085
11234
15139
27386
1558
10891
15035
13487
7611
6801
1553
16312
30653
21618
21749
24757
25099
19190
31075
25280
30761
29980
29098
24830
26233
5204
26061
24179
29370
10990
5162
4123
28110
14035
29017
3382
29376
1139
32599
23011
5893
11774
8164
32752
28674
6871
26153
10737
4559
4934
11166
29839
27451
15469
27691
27171
8976
4221
11662
23684
23192
10025
30204
4380
31071
25179
5643
29506
26171
21286
18895
16580
20874
27389
30019
25794
29883
19746
32747
29891
27408
21600
5048
1026
1953
8445
17196
16649
19621
17131
23230
4481
26605
21566
24960
8265
22705
6115
3327
4549
8847
28814
11371
21113
12753
17396
20216
13270
21743
7739
10627
19283
28500
10670
32633
18368
18789
20150
4853
12503
8640
4101
24616
17685
25537
30485
10238
27080
10059
9425
3582
24936
24005
23186
19827
15402
20578
3916
18889
14035
21414
25866
32313
31690
21542
4759
4265
31346
8335
5502
3021
18614
5353
16437
1171
17126
2845
30870
11966
24001
13493
14990
9424
24275
16868
13081
26414
28417
31174
1902
22143
15202
10216
7286
11605
6224
779
29315
15631
23231
28965
26943
29182
23502
19625
32739
25286
23196
3848
26025
28423
12381
1144
28291
12605
2733
27892
16397
18405
8227
11908
19136
14818
4906
31934
25449
31262
30476
6541
4314
20084
11088
4913
25056
7630
326
9095
24437
27018
24544
5259
28470
30243
22979
19995
14871
26381
27038
28926
27477
20960
18619
8996
23468
3257
5076
28975
31947
15325
12839
26931
6405
25248
13004
21178
15177
31622
5191
10252
21332
23463
10842
13485
27173
25944
5661
32038
31409
19975
1104
21512
17113
31591
9711
16431
8345
15310
5895
6212
20354
24027
10185
30597
6762
27483
15324
28617
21858
2925
13304
7358
13288
20453
5553
31862
20318
29167
26000
12578
29115
16885
26472
4125
30849
20162
14567
8748
25583
2023
31340
30980
26231
24413
31256
32268
2162
11885
5416
7781
13331
25037
17282
30760
15769
12556
397
27886
15305
25903
3142
15766
17564
29341
9105
4930
25141
27192
18124
6563
21525
1485
8106
3703
28818
21422
3903
27215
14981
17821
4439
1686
32580
9964
27148
25807
4304
15843
20888
31518
28751
7266
4711
10762
31932
25543
19825
16257
31197
18
22726
11036
885
7752
27754
18341
16572
25109
4452
24023
27660
7860
1810
17508
733
5908
4799
16701
12787
2355
28023
4109
20950
2254
17434
12806
1923
27965
32176
27361
23905
22169
15356
3872
26742
3615
19028
1943
19931
17881
28336
11818
15469
31611
20736
26584
11974
651
27843
8185
2412
31172
16597
2243
26951
12221
12680
17683
13913
15046
20727
24427
20137
18450
407
12854
23936
26140
9999
9556
13016
20035
22858
25810
12050
29111
19914
29945
5863
19865
27455
18315
25505
19038
15192
13897
25483
10869
11993
1720
16038
19497
26606
23333
13213
17096
32446
13543
8443
2821
29764
27620
11932
24219
18266
16215
11105
27443
24599
25552
29480
28808
17755
12924
28924
2505
20648
23974
4488
9791
21556
20094
14802
29999
26428
4121
5670
18690
19610
27578
21839
13731
10138
6736
9230
28201
29450
12095
31940
9654
28304
8291
8050
30622
30273
3922
17891
6860
30830
14306
26664
25698
32193
10220
9541
23968
30601
9295
9258
28935
18515
24375
229
29374
15034
25503
6677
2100
23168
23060
21154
13063
25565
2748
7083
805
15638
16536
23232
13361
11858
29190
82
14888
19370
21130
25191
324
17791
12749
12178
25888
4880
19430
3619
8990
11083
28377
15259
19462
16356
6493
16483
30959
11941
30435
3005
18275
7429
23763
3066
24766
29179
11545
5870
4311
8724
16864
13985
12258
452
18077
11847
25493
4601
8784
19314
31626
31478
22279
22407
27877
10591
31395
15726
12598
16784
11486
14222
3233
23859
11917
6649
32572
18194
32291
3299
26040
10537
7543
19289
3396
24832
25799
14896
16046
28216
1788
27451
1227
12131
11055
24769
12826
24857
16237
9517
27044
4936
26807
2824
12070
2251
13389
10533
17010
13630
28205
26395
18963
19729
16598
11768
4400
7132
593
4404
23731
5362
21106
996
7081
21049
28252
28208
30444
30009
23875
14087
1024
7794
23158
5650
7996
28403
8348
16870
12586
18472
31293
20093
25392
15860
15237
20455
1903
28415
2373
5437
14315
14162
4411
4055
28908
28961
6035
15038
10917
14311
32173
5732
13844
25017
9761
3219
24873
8915
23041
20644
9770
3960
4958
4081
27222
28665
20749
1677
4041
6931
22442
19506
24223
19069
990
28026
2396
7618
4574
9554
20620
16205
32308
19116
2470
24514
25538
18037
3382
31637
31492
9671
20539
7893
7829
7263
11470
6984
30965
2897
7685
25789
16265
24570
29463
1950
7907
24375
15809
28101
15428
12500
32744
26000
28767
16200
23679
7992
8032
16287
20395
5214
21037
30135
12837
3559
29932
2223
3041
15370
24261
31645
31213
5287
1769
7807
11163
27611
2771
2933
15074
31441
27086
1069
25602
18651
6583
17310
24679
10945
22788
6137
26832
19545
25093
22748
8880
30807
25450
3529
31956
4711
25094
22744
16199
30585
26578
31144
21107
14428
9269
31899
392
25231
24962
27203
15394
19284
29635
2839
6950
4357
1205
4971
11500
18091
24851
19359
19620
32205
11031
2198
2290
8838
5695
2153
24028
24026
4173
1885
17894
29258
31633
8467
26235
18086
24170
20991
23439
4899
11275
11547
26243
25774
2683
6621
1097
27263
14815
11878
11976
16880
252
31228
19842
13456
17144
21434
6516
7283
8800
390
30781
25293
21872
19268
4739
19647
3982
20041
10643
2673
9239
9491
28743
15457
18014
14135
27437
25339
2802
17818
7141
27753
3616
1764
31691
21676
25529
26674
2519
3052
13334
17932
28609
5900
10840
12694
616
7810
6132
5642
8564
24422
29040
21093
14906
13000
2151
7009
29153
8007
9939
14756
15043
10463
28556
30775
22806
21251
10251
22329
6860
2284
20340
22229
18103
24624
9940
28273
1777
27030
3750
1064
21115
1065
23965
30843
6692
26251
5277
6723
15533
21132
5130
5866
1578
9979
13894
15067
16043
17341
29557
5687
3100
29723
29316
22986
11114
21344
11113
61
17640
24484
32428
6029
24560
12003
26150
16060
14797
31314
8969
11206
984
29682
3360
19926
19682
6757
26456
24506
6610
32513
23936
32404
29071
12835
3917
6355
24609
18885
19617
18786
13587
13907
26380
29471
283
22971
15508
12431
5885
5316
24497
27600
5036
16032
156
13007
12722
15044
31689
7099
27603
8439
12722
19897
13037
11177
3031
473
15139
24711
21251
4168
9274
10060
15056
24008
323
17114
18029
15710
891
24713
27295
6730
19567
12735
4358
32316
11108
17345
24738
18373
18933
2504
28566
9484
3070
19800
16939
9922
9913
30925
15127
32600
13095
28727
24832
17007
16306
27751
7484
14480
9488
3146
22491
6941
8810
4214
5351
19591
1214
29955
30442
24770
23938
23964
19121
2550
3210
2005
80
15736
8491
14271
13670
9464
22177
21179
13474
12284
12206
7307
3718
22925
30084
19119
12139
30255
7653
25070
5830
7703
23689
4659
5033
1945
25536
1178
10893
26080
6232
20427
2126
8161
15553
1671
9847
29585
22383
5248
1216
22870
22656
23918
7125
15292
17055
21087
27993
22378
23336
29006
21803
22356
9612
25336
32744
306
11768
10987
10929
1584
26417
7648
4142
19431
8131
4682
9938
16780
21082
32559
5217
5479
21872
32055
31408
24199
11816
24067
429
3765
2682
19903
17054
16550
9873
13051
30894
13941
8561
16566
6821
7248
1245
28348
16887
25457
1144
19507
768
18767
14378
24688
6798
24342
21957
3599
5280
9557
11753
11330
20589
4087
28709
19049
1448
1653
31326
20963
12035
13386
14197
31268
32242
15782
20772
17160
15281
11366
14633
26983
15240
10564
19879
2538
16974
21835
7369
26141
1836
22415
2984
32709
12707
29466
25711
32371
30928
14633
4029
4953
18415
11161
32074
20317
3103
25500
32718
8044
3940
4272
8222
25361
1266
25554
11160
20806
10921
15086
450
8074
9180
8347
25902
7987
29014
29701
21409
17670
10911
19754
10611
20229
23675
29002
5177
31880
12468
27544
6306
3215
17177
7734
12191
30295
18375
24416
16071
4139
26279
30440
28665
6269
28728
4066
11331
21813
20367
29344
15874
15689
23964
6881
24139
24718
31150
32325
12682
462
2873
5892
30569
5914
20696
1760
29172
9313
8334
26200
18426
9282
32081
5151
26294
29471
9673
6348
9902
28787
85
29395
14300
19045
2127
24244
6412
10141
8337
28530
7813
9046
28471
2887
19435
20404
9895
8342
1380
12888
24527
10017
23546
28467
27054
16764
31041
5527
12822
4802
28217
17300
11184
7302
26997
4993
21824
14604
6269
2009
17962
1465
14450
26953
25654
20937
6640
19206
9872
25920
7224
10596
2579
13347
25487
22181
6854
20967
20193
10766
13991
14634
28842
9537
28072
15265
3863
966
8952
11858
28520
26859
21379
9731
28824
8142
9660
22514
14656
8632
9882
29382
31929
22188
22496
966
7040
17472
29602
15433
8927
7852
2309
11117
28618
28705
22086
16396
30984
19036
1022
9964
1171
13946
9636
22838
19520
22286
9043
28458
21922
28785
28877
2832
300
19289
13761
28786
5271
9645
19273
7048
17539
9624
12983
27892
353
733
27025
15792
2960
23146
16090
28484
4806
24623
3475
19516
25778
25392
130
19673
28384
22489
17202
5127
6108
23698
17467
14479
13210
27796
27843
11918
5909
13563
28997
25894
3895
16412
8082
27763
16121
27416
19989
14272
10443
22962
20570
20475
26422
23645
5330
2663
22720
31897
20432
6033
17168
9088
22488
32389
12626
3740
5913
22593
4573
1788
13880
24426
22291
3719
25679
10302
8073
30608
24630
5322
10601
6826
9985
22877
5396
7869
27593
9532
15115
1881
15536
17303
6415
32075
31007
18620
6791
1390
32082
8075
16419
6596
10007
2858
27327
22725
6098
28922
19850
16119
22469
32457
19303
7871
16014
329
17299
19063
17649
32448
4488
9408
9176
27138
17442
2842
25752
413
20481
20146
18038
12115
16686
12154
7530
31693
12289
3455
3619
27277
32066
17528
19274
21029
6542
26010
14347
1190
23548
17332
5074
23644
11265
1399
4946
184
657
12821
2764
30606
1671
27663
3470
22145
18503
20039
9914
10427
24738
8029
3912
23777
30458
20280
1358
20293
29350
29411
10367
17502
23447
12955
32754
26486
11836
24102
3366
8611
9892
7014
4162
23800
18147
25389
24993
2044
7350
16467
1165
27995
2666
1286
22347
13276
5881
27234
1113
6803
2423
20033
6387
17752
21420
853
25819
11640
4099
26484
1882
2730
5795
13362
19842
18500
28123
15797
17847
23214
6595
5061
11374
2327
3872
14627
5683
32616
19849
25884
31473
15478
25800
861
1646
12412
27011
26121
21013
8136
7452
24073
27640
7604
19669
11684
20245
13272
11320
2383
12504
2430
11958
6854
18402
8022
9358
14939
28681
29548
7920
21134
20384
8534
24418
8671
25080
21170
22116
20192
2854
5072
30031
654
6407
24747
22403
31969
21890
32286
1729
22434
3597
29524
24278
27517
13427
14209
21626
2903
31956
26575
9079
2530
7405
6556
10254
15726
4249
7394
26518
30210
1944
17142
3174
6571
24720
32118
22773
23316
21841
27004
22080
15959
15453
6936
16748
24595
936
15614
31917
12991
18588
22651
1894
9789
12640
22958
16786
28082
27482
9204
32354
22422
29427
19108
10791
27655
2202
16893
1907
17763
30475
7260
18299
22293
3793
10162
448
5807
31497
32566
20207
15162
21354
25943
2821
1737
3970
31221
694
20053
16194
8400
4112
13252
11453
11329
27228
17995
19245
8232
11589
31990
5943
8485
23356
16261
19568
25611
24346
29050
5151
12689
20743
13168
4421
21067
667
20142
28122
30425
5700
32508
19802
28767
9704
3766
18560
19765
15563
31006
22097
11743
10418
1782
18013
26175
26185
6479
12354
16137
11458
5788
31857
27512
23743
11786
27189
1855
22130
25876
14065
12483
31490
9041
19113
4999
23857
12433
3523
30439
25917
22825
19471
9482
27651
11403
18694
15890
4458
2586
26959
19349
20991
28732
5512
10321
8157
16816
14914
4123
720
29986
2381
27673
954
25340
24631
12081
26421
9600
30735
22209
31609
16148
17006
25489
32129
31452
6073
24326
22889
15246
6816
16536
18971
11394
29930
18309
7210
2313
20853
7367
6142
28160
14200
20804
22322
27045
11020
3142
2362
15785
14059
32298
27465
1926
17271
27484
30577
17170
24318
25475
3853
23380
23356
30968
9308
15767
25633
3197
10094
8894
29653
300
14916
727
18426
27821
28723
26355
15409
6060
7305
3380
11743
25226
29811
4903
19761
25171
2078
6740
32605
18929
22301
6932
13867
29599
1035
22947
24757
7840
27505
12662
22890
13616
8681
10959
30041
11963
7556
3726
6317
25165
3690
27722
29811
23882
10944
18080
20900
4703
29135
22987
3423
29880
10850
12405
10870
21363
8303
31437
7212
2389
26106
23514
11837
21692
6967
8463
11807
27605
495
6175
14728
8463
24612
30483
22064
11216
30200
2713
14040
26982
2763
7839
20875
10816
21924
21792
11044
24414
17618
24382
31760
15366
26835
19602
4693
8121
1652
25792
5331
23653
5178
16206
3018
11484
9985
3510
21149
28549
4579
19385
22230
31057
15707
18935
18537
5361
31146
18109
7997
583
20602
2334
6632
2586
6594
12869
6587
31245
22505
14601
32766
7378
7982
17346
28796
667
3143
21595
7491
11729
3656
31401
32677
30729
1991
251
8834
17204
2878
18163
25034
19221
14000
16020
17213
11001
29328
16283
19573
27554
6110
9491
31271
11652
16787
26916
15526
17204
19775
13100
7592
20509
20209
3089
29517
16245
31831
11477
17501
10095
21286
7018
16849
27826
32444
2504
31126
14859
16645
11070
9869
8286
25243
29701
16854
29411
28209
30491
14670
13198
15153
22094
28502
9167
2980
30871
26583
19836
16723
31402
18051
6156
28203
3531
605
15877
17382
14563
29307
14007
9960
12243
6154
26667
26727
13576
18836
13655
27599
14672
9086
15507
15205
11756
25045
23121
20522
15590
1866
17416
4354
23461
30074
20337
19733
27582
23155
14838
13686
24077
6004
1128
6659
3077
1269
14064
28044
15172
14311
8520
21815
32618
11325
27434
18210
28204
30891
2313
31819
22948
28590
26880
14765
1259
20940
27656
13484
1770
29981
32621
5811
20333
1546
27267
25628
633
17749
9365
19024
7648
26458
18206
6447
7442
30868
28731
27570
3894
27490
10593
17358
21370
13067
9803
7580
28583
4096
28727
15800
13560
29026
20818
16103
10028
4036
5233
8956
23002
9522
27905
27388
14341
26226
6977
31360
27120
8585
8367
19035
19763
9602
6335
11901
13071
22378
2515
13079
22783
6303
17000
21760
20367
25163
5773
6488
17265
14891
4506
18539
23758
25749
28702
20439
10458
30649
30233
4082
16811
13351
30060
6246
10315
18065
6285
6174
1292
22226
17791
1126
16923
2096
11522
15181
13400
20190
23047
9550
18021
16069
21862
6704
23037
14213
12755
3371
21384
4534
5135
17484
1004
12659
2907
7963
25765
8729
20018
12410
23064
8012
12087
12240
28708
12091
24173
1383
17659
12837
19110
30227
5680
2845
14142
12821
9233
17930
23048
19262
24374
24305
5513
22104
5210
3703
9060
15297
2666
16289
17174
31577
18140
4831
16611
26526
27714
4681
26896
7190
26399
31528
15187
13038
23801
16568
29320
32224
4527
11308
13477
18010
14093
15859
32496
22748
23198
13370
8816
24481
26049
23218
25761
20611
25599
1939
6252
29209
924
27105
17237
15394
1132
3310
8951
5926
2280
13600
9901
16218
32129
31220
12691
20165
2613
16707
14509
12961
16991
32708
4453
4100
1747
25299
1083
23487
20010
18288
30648
10630
18267
8843
18339
30290
2700
15999
7288
29188
19495
29148
22294
3147
17967
13161
25784
18631
19413
12137
3878
7791
15174
16926
7469
26160
16840
31628
22348
7382
9733
4223
17584
31792
3238
23759
13411
12143
27428
23267
26304
9936
7387
13428
27434
20091
20065
20627
1533
11434
13077
750
12997
11021
14587
16463
5806
3950
11975
31845
30524
26513
4151
5319
2364
27742
27814
27958
11259
8257
7135
8482
25781
11474
13615
28272
11856
17329
31934
15739
29002
1716
15134
27225
14321
15173
13093
13151
29394
19717
10744
28903
24947
25526
13673
31312
29509
4183
17539
23623
13524
21904
5730
17477
7489
3921
4937
17753
20466
32183
15342
23080
9864
30511
8984
18482
5905
1501
9580
18519
19071
29759
21380
6297
30554
3341
16962
23331
21681
4708
13668
26251
14678
12324
22616
27476
15179
28055
31057
4791
25463
25171
31386
31394
18845
12897
28203
13058
11407
5534
3962
8254
23199
28258
3987
26371
32343
13152
26475
17735
9066
12493
9329
31880
2025
25797
25447
12629
3514
31466
28016
25616
24647
11086
11114
26354
8819
147
25469
30031
14546
18768
29940
20508
1049
14519
1612
942
8147
31349
22923
15044
31062
15834
15060
17096
21238
31802
15671
9554
1912
32403
14797
31470
8650
26223
17669
23327
7409
15884
3641
3492
24642
21435
23941
24825
19413
25734
9176
18977
26935
23061
20811
12707
5215
8147
26034
4563
12515
21324
28529
19026
16236
21465
27794
19672
26472
30080
16916
1841
18686
23318
15749
11910
11079
15270
21715
20446
23227
5911
6239
18916
19433
7688
2899
5099
22124
20735
22070
30255
7194
6851
1981
5982
28798
27142
22500
855
21641
3655
8510
3889
23172
23543
1161
15999
1609
23515
27270
3538
32179
2481
22536
18048
7507
26134
18506
16292
17764
24487
389
12390
29441
22375
6082
30589
31126
17505
4589
31730
28821
14990
25900
2854
10602
22776
14959
22550
16816
25376
12871
32734
9637
2461
6907
14204
5851
9735
19673
1751
2865
28179
8394
13568
30722
25087
13609
18871
23964
31281
29909
18481
9972
22555
5253
1816
12696
32353
31324
18900
4580
21566
17342
32521
26489
30756
23905
18528
21995
9634
24999
12171
30138
12939
12587
11395
20868
26453
31129
24852
17272
14015
7876
11676
18190
6326
14834
784
4853
3194
9082
5695
3917
1533
14994
22619
31767
19084
24418
22709
23530
176
21341
29640
30439
30551
29648
29561
2543
26671
699
1181
30227
14675
29153
9660
1099
553
25627
29460
4459
22410
22769
29665
13908
8996
13931
19676
16487
2589
9509
31746
3648
9977
29346
406
9376
6846
28130
6761
4010
14678
29239
28505
25683
21812
5204
24088
30228
28219
9639
16175
5345
18395
489
19778
26463
10877
23283
4501
13650
21537
30419
31183
13908
23621
5151
31486
14541
3849
26761
26076
13599
914
28084
20561
8481
29100
28742
14392
6095
2739
5439
17254
10560
22963
18825
16616
26328
28366
20431
20365
32702
23006
24723
19877
400
14428
4219
30215
4438
23169
28908
20057
12469
17322
7898
19083
25446
2561
13279
18853
18662
22874
19850
20419
32366
7515
7929
8541
23845
5856
16554
9164
26773
24733
12942
9994
347
9990
17503
31930
12323
5995
22580
104
7380
19048
13139
29969
1544
11644
20806
23526
19647
12280
27953
10317
26708
14107
13666
29993
22192
7547
23850
8027
23741
16806
235
27017
11037
26634
4211
3357
15133
29714
13192
23697
30692
15506
23748
23275
2033
32613
32420
27779
19140
14421
5851
1292
24282
24378
1004
30418
17375
20838
22775
18241
27936
27201
9171
11431
22591
3889
22878
6459
31786
12989
23569
30557
9293
4849
20696
31519
3079
14084
13856
11525
20059
28728
28977
4617
32233
25090
17854
5346
31004
21867
27578
5254
20132
23478
14190
15342
17959
1091
1993
1817
24883
10675
28407
6483
26744
6733
18741
18615
22836
8096
13795
755
18158
10602
9946
28491
1383
8121
31233
29153
11982
8272
20763
29747
23091
11084
7139
5861
5694
776
2139
12481
31777
17213
19809
16124
28363
29550
899
10938
23134
6275
20
2005
2020
2484
26239
12506
22846
3240
25564
25685
348
31966
18625
18255
3252
589
30043
28948
19948
6983
19389
25658
730
32163
7287
6366
17839
4891
16747
31793
7791
5363
23260
2356
18597
2780
25288
24255
340
12567
2680
30408
28976
2525
5717
25314
1806
7679
11261
12804
22170
12490
18070
25484
20296
27437
17763
2947
24461
16926
18580
3107
22606
7225
20579
2198
9369
31402
21084
29953
10643
10574
14588
26561
25265
14869
382
4085
3627
20395
27634
30012
32174
31575
29071
25792
24402
12835
30026
12147
4811
7485
25256
7576
24291
18845
11984
15238
6952
31464
28644
25512
8673
9620
32401
10697
7751
21582
21989
2958
2802
31896
9569
2628
29842
1719
18768
4572
21727
3276
7511
20788
6611
5441
23884
26521
11542
19558
2123
2953
4026
348
31239
3773
24104
27187
11871
25447
20570
29519
25394
1720
2635
7696
3187
29861
20652
12978
20096
2283
30169
18801
29359
29008
4875
28401
2602
5420
25039
26590
13054
5673
18871
22479
13166
20039
30287
20337
24461
28451
2386
1505
32012
9848
15646
16729
6480
27622
2918
13071
1479
23538
11303
19034
28285
17487
221
17175
16106
17756
16374
29515
18703
11501
29831
7178
25281
28238
9790
16791
27972
23429
15768
20172
31515
984
30803
1980
2079
23439
551
3992
30671
4347
1457
1487
19943
12983
18864
32377
21812
2862
11891
23030
10406
21853
8082
16338
21159
11995
19933
16620
30379
27414
17810
25816
14600
11231
13523
9857
22793
25385
30294
9235
12605
8717
13407
1560
4629
22802
14315
25057
10926
28076
14382
6951
29676
18690
15936
2290
20936
17396
28948
25018
24299
5213
23977
13004
5755
8085
3972
26352
20533
22075
3421
8265
17084
32049
3609
27004
48
2023
31224
533
8451
26589
3088
18982
4360
30051
10234
4400
13005
21924
14283
19527
19755
482
9797
30578
30491
21507
18767
9809
30155
15437
20643
2050
16626
1134
3271
25156
8544
17343
8766
18397
7641
26825
31999
3642
10787
31753
6182
18006
19550
32752
28138
15581
11412
4654
9167
17808
17041
12848
18204
21995
5621
20711
11664
13061
17543
3532
20049
14009
17100
17697
10021
28675
2777
21369
484
8876
11621
12922
11822
27178
31010
21218
857
962
11342
22472
16045
1007
25732
5925
4564
31495
16601
914
30092
19740
27172
25427
5279
16672
30109
30869
25365
2893
21930
32500
13736
22212
19701
8768
28024
4725
6082
21121
3072
1342
16256
6456
17225
27991
19613
21480
22109
12013
19103
30677
24063
22029
21105
17164
17817
28612
3834
32419
5238
32389
28660
13890
22321
3530
32508
2275
15726
10494
2789
30421
16327
14747
7506
20743
25098
4240
28292
11651
26017
7909
19312
1337
81
8609
8725
24318
27432
17644
10252
11220
23984
625
20321
14444
18793
16134
32161
22505
26998
27535
14644
11239
31383
11551
16621
11708
12119
20577
16864
23805
13447
3127
8052
14149
23018
22432
441
23857
13106
22239
7675
2223
17707
9178
28055
14457
4919
30144
18189
13532
8442
27630
3415
20926
15446
20
27001
4575
9114
25491
16986
3935
23542
19498
26322
19841
19507
29650
7684
22446
28576
20454
4590
20925
13648
17287
18494
23921
24450
20799
7527
31043
30561
4068
30197
15458
10478
26304
6685
5113
6970
21742
28569
26032
6360
18439
1459
15221
7314
17919
10143
23676
5723
28233
26893
30596
31877
5698
24831
16989
32052
1228
1752
12967
25619
4409
26038
13276
2117
10604
6658
32401
22175
826
19782
29944
19476
32022
9278
10410
29808
29166
21297
28067
16714
1104
19585
7822
19763
9425
15746
30276
24372
22447
19848
8847
17016
32181
21316
29747
17989
9311
29776
20527
31281
8511
25352
17984
31378
31903
11932
28839
24886
28520
22883
300
11860
30787
10610
8035
15811
19453
26478
31790
7274
9520
32670
16003
20984
14112
14660
11631
29397
18403
30766
15195
3672
13765
15496
22159
19770
27626
21748
8948
21578
2613
30429
286
16227
17513
12551
1673
18587
15502
27755
19235
28606
23703
28483
12299
13819
29505
5729
921
16860
6206
14532
9886
32636
7059
26989
5869
4340
1087
2927
794
8982
25117
27718
19329
31326
30475
22633
5258
19493
31564
24099
20012
14360
299
12958
21680
30185
15329
27969
3768
2884
11705
3387
11391
7685
370
32096
27746
13992
4837
2613
2208
1792
27368
32326
12894
2348
12913
22720
15854
2760
24831
21051
25680
30816
10805
9176
15865
32042
28360
17548
23252
19188
13468
4283
7047
7771
27178
4105
12279
21310
31013
19821
24334
7538
27741
30087
31676
14775
11491
12083
11067
10987
6766
25182
24728
22398
765
24856
12655
6950
15806
9963
26614
8404
27951
8811
30268
6374
11395
15631
11955
8094
11335
5439
26093
26579
581
7854
24995
32230
12457
7402
14587
14072
10338
11314
2570
8282
19147
19591
10392
837
11915
8965
10788
20684
11194
25972
29480
2574
29509
9243
10655
30896
13715
26068
12483
19339
7272
19046
4635
27553
7178
9998
30645
7510
24483
20831
7089
16861
21735
3149
20735
19696
6902
19332
2408
17092
22660
16638
31955
21052
15671
26836
21953
24413
12880
1876
1819
4610
32398
19797
12077
15568
24911
5831
11250
12397
26873
30606
17554
20205
2200
2705
3113
29581
12489
14093
25034
676
28630
24624
12740
13782
23842
13027
23587
30859
21448
1511
25722
26783
16511
35
20192
20316
1729
31036
20025
9893
16684
18535
10167
32371
24872
30075
28576
22150
29130
75
849
16468
504
12850
25731
23878
31182
11759
22989
3363
24385
12723
30826
24780
19970
16249
31549
9515
9893
8086
2834
6758
14595
29073
23591
11096
28125
16180
17643
14657
13250
17891
12805
20412
13106
27181
7064
21746
3587
2465
24517
2574
11780
7907
9842
28657
26337
27647
12874
25638
28486
7932
17157
2584
30023
9397
27882
21634
20992
7652
2450
17192
8312
10880
9710
10437
15308
32585
4492
3396
26761
31137
29461
50
11609
9629
1563
28532
7906
27228
26129
22069
8939
20631
2715
22563
28352
6010
22793
7387
17624
2994
28445
32673
13750
21704
2837
26453
26637
11437
13541
23202
11303
13718
3269
9337
24199
25097
25323
7358
24014
9016
31898
26945
6107
20879
10843
19183
29238
905
5003
19274
4527
18119
23317
24086
17730
28515
385
19285
6206
29058
10286
30070
20391
31016
6619
20426
22232
13393
15468
6455
24428
829
20459
12080
14431
779
7886
3300
8305
9865
888
19126
6091
20811
26370
12782
29925
10490
7482
14510
16551
4335
16876
31271
7631
1024
31585
32524
16274
16538
17958
27207
13190
31505
11790
24044
703
2611
6266
11371
28216
16931
984
10761
19061
29029
24682
12945
15975
13365
26185
14150
27024
4637
3241
26909
13672
6598
1630
21289
22014
28431
26528
31063
15842
32604
22795
20315
2371
20528
31721
7146
9301
7167
25524
7210
12533
12605
18647
31591
28560
18363
22709
29447
12097
16435
18156
9920
2361
546
987
4360
27492
27605
15458
5069
13898
2247
1768
359
29235
554
24995
12747
24462
32196
26131
30721
26259
24316
21968
3032
10792
7733
25734
15320
16897
10842
25406
31608
24588
2234
12511
8593
25868
10007
5108
27411
10371
5113
25007
5623
30678
4424
5678
10356
4268
13594
16894
14454
6807
3274
28894
18252
25590
30282
28101
1440
26138
9146
2086
5037
21671
32057
15986
4524
15421
21755
29151
5263
29784
8603
1896
21234
26741
12979
6676
7759
31863
5035
8828
31857
4168
4302
14215
29995
26307
4771
19577
26697
29650
17274
4140
32711
21971
13125
20892
4673
32321
28073
3498
2475
19856
13909
2585
8770
9816
24467
8669
5570
15286
28444
9877
1754
7920
1329
31574
16605
20567
14823
19626
8122
22386
25795
2520
13358
9816
646
870
30776
19550
11594
21213
10190
15346
23246
28620
4558
10183
21775
5647
30007
15155
8472
24913
16025
12757
18458
16848
14794
4730
14015
11872
3035
4417
9916
14259
2378
23806
18086
24791
15481
23517
5126
24832
12383
6984
7087
12936
21374
30474
5199
4916
1813
15284
1861
22969
11926
18495
31666
17535
21338
29428
22483
9636
12436
13705
27790
4164
15236
25741
24394
27384
31725
30214
26116
2972
18632
7000
2463
16470
15674
12904
25212
27091
31172
20994
843
2772
1466
30072
1569
28906
25846
2956
28618
23165
13773
27792
23904
15891
27458
31692
12316
5839
30586
30752
11117
23096
31344
16363
14663
31549
18666
3115
18622
7797
24492
26341
31443
25515
5867
24775
4494
26777
10756
18956
21837
26868
26478
29344
25691
8105
7405
13700
8388
19815
5129
21365
12392
2141
12991
24776
17231
14661
5238
19097
5180
27041
12085
14116
22405
18244
22802
17779
3105
277
16878
28730
25347
24848
13663
6143
12454
18317
14574
30845
7402
27589
23171
3403
1310
1426
17181
10681
17502
17526
25030
18427
22047
14303
17095
21385
1800
3241
26392
29381
10244
17381
12314
5086
30613
18137
13192
16629
13675
31815
2987
32639
5173
17139
30670
16107
32183
30047
24818
6788
23836
23257
5827
29336
25486
10679
22730
8410
31493
32482
32739
19461
23388
28305
23538
7874
30122
4695
6610
26060
10703
14432
17806
22866
31309
6136
15572
5533
12890
12108
9638
1778
12851
11893
15699
19642
21938
5042
5030
22496
10531
23797
1629
18555
24660
29346
4316
20141
17387
12179
17443
4810
2300
10847
31486
26813
18139
9180
7803
21160
32559
16098
3745
5835
27720
25938
863
27815
2483
32343
31171
1379
2827
23020
365
29550
13585
30111
32322
13670
19711
32404
12901
26681
4634
13516
9315
25738
30087
5031
13741
19286
1119
25512
32076
17879
14342
6521
15056
31912
8376
9775
30089
2603
7780
7374
7162
27688
7102
20752
14219
14518
32656
21346
2174
6751
18512
28208
7716
22399
1528
2146
16209
26861
9746
4391
14093
25565
17938
22769
22924
15109
32745
31681
21857
6911
25815
16548
9454
26095
6785
4733
13343
4709
20035
30214
3672
29061
29383
8466
10411
8293
31703
5909
7247
10422
3183
28389
25933
5287
19223
9666
31101
31238
20591
9109
19377
16552
25612
21621
3888
10252
31618
31599
20326
20539
12226
8839
12249
18930
7335
19450
26719
29187
24267
18630
20879
7161
9119
22636
5493
20475
32699
30197
22666
8179
32626
30259
28386
22511
9642
23369
29096
3527
19690
366
18632
21504
7861
2285
31979
5104
5399
8560
26024
21283
14973
6783
2040
26622
7114
23876
14571
24994
8358
13201
22682
10003
15897
36
14685
4506
14170
19497
1854
1639
24801
19968
17325
21371
6595
19777
10613
21445
28479
2045
3310
7819
7828
32071
3188
17932
26902
16627
9497
26980
28289
15518
32663
7599
397
495
2441
29297
10947
4635
11994
5430
19854
16047
18301
22645
9109
1930
3422
8634
584
6696
11929
772
7865
22055
20459
876
17326
31491
4965
23304
11764
25381
30568
9743
758
28700
8653
21310
5518
3114
27492
20858
27930
25858
16288
16566
17107
17360
9360
10775
26970
9850
32529
854
21140
32293
26435
359
10168
14076
8505
32344
10150
27948
3573
30331
16251
29491
10387
24775
4450
3419
25540
26236
23981
1665
31614
15878
548
539
3826
11556
924
12154
5823
30281
21964
16972
2917
13635
21853
21604
20476
28442
10304
5310
13606
22843
30788
26557
10306
7125
15336
23736
25314
4996
365
7349
11903
22061
28720
13940
4204
32553
29751
27568
29193
1701
18442
25505
6457
10312
20676
26309
1302
7447
105
2016
739
11414
12922
24130
3905
22832
14023
13640
22438
11225
32389
21797
28684
25330
8096
18658
4326
2157
8787
17828
29016
13105
19701
5934
4519
30656
25110
13734
2543
19479
1226
26780
12564
25302
14149
6984
12282
16800
10152
17939
21753
5829
16155
4442
15243
4638
10012
5486
7240
17721
14614
23519
22805
20150
3126
1530
6552
21745
5498
15504
3055
5090
3595
19705
7585
577
5068
5977
16596
20973
14387
12834
4545
20366
29016
26330
28774
25977
8523
27679
25210
17877
10155
232
20902
32764
12660
19725
31218
1316
15129
11018
7294
24639
30931
16128
19058
9504
6456
32508
23607
23262
5647
4220
26856
25981
1891
7983
20995
13003
11478
4349
14181
11913
8504
15175
26485
16843
27736
32112
8095
24994
26394
25756
12548
28919
9674
15543
23919
31162
23728
12986
139
317
29413
27689
22868
31706
14181
14304
1996
9180
27748
15376
4847
14237
7398
17797
2792
25323
28810
7210
7045
22448
29094
206
8937
22994
31129
14376
8321
16985
14173
18201
4153
15824
1116
17458
1519
18925
31621
25206
7463
13940
1694
6497
4353
11608
21980
3625
4201
1571
30129
8771
8846
26777
30437
19241
12181
664
23784
5979
398
21827
18023
1187
20903
23904
1053
2974
13727
6909
4588
1144
382
15450
9772
18679
29060
28675
19267
14267
12383
8765
14197
31940
3489
10659
22270
17204
30832
10001
15454
13398
4735
7361
27381
26592
28478
180
12239
10613
21326
20052
31937
14190
2104
23383
31157
24282
6238
29670
16450
6339
1842
511
30080
3252
22949
17432
13850
7287
739
22277
2212
23843
2365
5915
18991
8535
30566
7318
18715
30912
28131
22328
557
18657
26813
3379
13281
25363
3449
16713
15362
15306
5449
17458
29559
10011
10116
30014
31840
15995
14420
30267
13922
21450
16303
22169
19774
5520
23688
31180
5545
18566
14406
15602
11352
14936
15989
8118
2906
20905
31931
29812
2474
24407
16142
23454
30981
5377
15397
3678
22009
17607
26156
15484
15935
20049
13244
387
8522
23827
29962
13599
24352
23503
2399
6858
18793
16731
2248
13479
15045
6820
13838
15790
14435
30195
19688
3850
20944
4975
112
29887
13068
32484
15828
13712
7395
30402
1870
21024
14202
17513
31574
16215
29481
27043
23574
8199
27528
18290
11038
16848
205
8717
11609
24897
6997
9765
27455
31039
19840
21356
333
8619
18370
28760
21682
16703
21239
27428
76
5817
17655
19481
3538
23868
9067
7435
20307
4083
26847
27174
27871
4343
8216
16363
31364
14195
18855
19061
10876
2310
16318
31233
28580
8808
3139
20653
9264
4945
25891
15744
2205
12694
17129
10411
12008
10133
17807
5390
9726
16852
23443
31486
31091
16357
24398
16454
22902
11405
7810
29035
32517
293
50
8245
8285
6207
15542
2922
2485
13197
23566
29661
11819
6399
28279
17063
17663
2860
13116
25781
18175
8435
8655
32643
24642
16482
2328
25382
10777
16598
14605
23952
16707
30820
27267
21264
3168
14456
22851
16408
18088
32188
17505
2115
8925
22332
18633
13974
6782
18631
18971
4871
15678
11416
23993
12603
5301
22582
27678
23700
28756
2200
31857
1387
11678
22925
24153
5018
20629
19547
9748
16958
115
8614
11971
26811
15515
2708
5896
21760
24015
29999
27603
6924
14243
30731
30073
32176
28210
8488
23303
21655
21519
11289
4053
4997
25727
25446
16222
22236
11749
12592
11086
6500
16509
8979
12253
30539
30029
25937
25180
8811
8537
31020
32269
27596
2327
10899
4920
1642
10274
2305
11387
26424
8498
26531
24162
26212
27212
10425
30008
1501
2358
22590
13596
275
29742
22987
24663
2558
27355
11705
30700
22369
23428
4486
27249
26704
10368
32633
9502
8432
25070
20873
15140
9342
18342
2940
5951
4242
10095
4172
27535
32165
27506
18126
21412
26833
27886
29077
23768
27353
24366
15893
26849
24681
26296
20228
7846
26527
12488
17926
23890
22217
7932
4232
26023
4209
23377
31724
11670
22679
26702
21735
4620
3901
383
5672
23310
29737
24613
27195
17928
22502
14380
1196
2658
24076
349
5743
3157
13505
24789
24959
12797
25984
18102
12230
3759
8985
5148
12605
22668
14585
23891
1364
23638
32684
7239
29588
25475
31392
26427
6019
16528
812
32702
968
30104
9424
19931
8335
10533
3775
7057
18735
23878
16026
9347
27914
7394
18559
19951
14261
4939
24642
6884
1114
16918
2042
12464
8282
18731
1984
32664
8502
29976
4787
25549
20911
1963
15680
21147
31276
28351
10400
26594
2141
23894
1953
26570
23070
31464
24746
2227
12190
7419
12537
6507
2240
16116
21808
22436
29121
11309
23312
2725
796
4167
8324
13887
6314
25026
25569
31235
1038
23242
10604
28850
15952
29780
6685
9205
23752
5994
16290
26702
19774
30915
16807
13647
7503
21143
2133
19978
20754
28849
26648
19912
3324
17094
15014
27902
5889
26885
2365
4732
29436
28399
11307
1256
7761
10345
916
20587
11985
25872
11632
13482
22750
28108
23763
12024
8399
168
13937
29897
15254
16097
22113
29290
25247
16700
25377
8688
7932
18077
20955
20079
20416
12502
16358
5996
28584
17341
1424
18580
24065
23169
26139
22958
11973
1854
261
10958
17928
20686
26765
20683
17042
739
370
1524
31694
17490
4094
4863
5859
26546
5699
17474
30496
10790
26533
16166
3485
21623
5528
19416
19487
29286
6571
26433
16189
5184
24774
12601
5057
20146
7087
2807
2897
27871
30931
31180
9295
2224
11076
8722
30973
32107
25342
28255
6629
26760
6766
14078
26488
11456
23861
32159
12021
11110
27689
4429
3724
10234
25244
11937
25796
2556
16610
28725
20250
28926
13
9052
31722
20221
4859
21776
21395
31985
30867
11052
15575
32163
17227
24028
128
25279
14829
25937
4169
2090
30108
12217
13563
6549
8466
29550
26583
5715
15659
29037
23348
18279
3751
15371
30313
23522
6443
21987
18669
8044
19338
15635
14525
32544
16707
13992
28670
20637
15691
28246
19940
3929
16908
15981
24274
1081
27309
13320
8131
2911
27028
9095
4328
27716
20521
24896
23442
30726
989
29298
3923
25091
1132
19066
14944
1702
26462
26698
24890
5249
11476
26646
6542
19356
20865
23888
19545
18189
16887
2263
25423
1225
4900
16236
25982
8122
9244
5221
18223
28690
3353
7333
28941
1502
32703
24011
17033
12766
31909
15786
4988
4244
530
1530
30990
19355
6148
20556
20952
1338
23927
28228
23877
8761
31459
8706
25150
26099
7687
15073
10502
5293
25317
27236
19554
4134
19982
25965
9726
8815
15391
9648
23052
27389
27276
24424
17966
8701
32156
32584
22422
9703
10165
17589
3179
1878
21978
19506
9327
1815
1394
7708
17632
14976
10059
5527
5020
18947
13278
13256
3464
32259
21717
13125
7217
3557
18378
28617
11956
25963
24146
30253
23004
21565
16186
20627
17291
23497
19728
25317
23899
3917
21989
27518
12932
14898
28754
31782
19713
16540
10681
32580
30190
28223
27085
7503
21813
10100
12117
5766
13417
12428
2605
25825
26866
32612
30349
14919
10603
19257
32141
12033
21064
20158
16105
13423
23996
28780
18434
8185
4826
17690
23590
25161
12282
8397
4625
16055
5214
10705
27316
5893
11541
8713
17717
8013
10528
23171
21558
3639
14548
1359
30810
7535
23679
22930
9221
28247
1614
15830
11364
9977
4974
27812
11182
23359
24690
18261
22697
5734
31989
19237
30575
6320
17024
23689
18290
7513
21166
23747
4798
15565
16525
15795
17022
16152
26952
2032
7362
29342
16387
1815
3967
23308
4359
4195
11479
19598
31
6014
15515
18243
17985
1431
1807
9966
29297
1717
15597
31470
12771
16715
8364
6768
25440
11276
21761
18659
31210
30208
29863
32428
29347
13528
22364
10779
25067
19839
10284
31902
23497
19185
12529
6197
15244
5968
32539
12582
3762
19253
17837
30706
9992
1860
8328
24455
6163
3075
7404
5047
9135
1004
11068
13289
23030
13248
24065
9743
28771
1311
6706
5592
5175
8022
7347
29734
15388
632
31003
2754
15625
22704
30138
30799
9829
29141
26843
10364
10607
7487
31558
7294
4061
21977
29705
6078
1475
29816
29048
1230
15031
23659
13171
9890
7731
22100
23271
27133
15163
3382
17047
27433
30527
25038
21789
1003
14402
2087
1067
30134
13884
9065
17687
1055
31677
21489
13975
5009
22996
27559
21449
8258
21295
15500
22646
8549
17027
13715
14999
11426
16431
16818
23832
28099
2844
7480
24541
18096
30951
5473
12547
11165
12610
26152
17256
3970
14487
10844
3693
29899
3567
4598
15098
30289
24595
21162
8643
23690
7664
1724
32458
4860
26176
28181
32293
4600
6759
17814
1538
4228
6299
10412
25064
4761
24904
12581
13120
10127
11187
18754
19219
27861
11741
25613
20757
10469
7082
4076
23523
4727
8514
6007
24201
6133
23736
9351
3911
15152
6890
6543
11157
21841
23464
5424
15716
22290
24856
21511
17831
22830
20056
25802
28690
4373
6502
25235
13345
32229
21565
10619
1885
24982
4417
14699
1243
23156
26333
15151
11781
12499
22123
23500
10396
11518
6740
29204
7678
2416
8056
8823
8101
21831
11728
29980
13553
23285
1105
4657
30247
24377
27668
6271
22713
19534
1717
16961
4296
7522
23545
19510
11239
7753
27315
21237
18722
21363
16616
6785
4671
7707
24369
29725
23107
28866
27489
13921
1336
10204
30312
31630
7470
23241
22903
6687
14464
14598
28261
2976
5464
18341
10066
13763
3701
4858
18826
18865
19756
10392
20395
11678
23725
28028
14091
9376
648
9351
15444
10433
112
14642
19313
11091
9022
8829
9902
12163
17209
29224
2330
29489
6548
25638
18480
6655
3896
591
14519
3752
26820
12373
23271
3732
29650
13305
4557
5033
6525
3454
27121
4195
31264
13406
13109
12839
30303
3133
29184
7636
18796
9755
27548
23196
6275
8653
20957
24338
7095
17326
20996
29827
17393
4754
2786
25738
566
4603
11841
9439
5160
27792
20863
30064
31184
8906
12668
9395
30874
4593
28087
28218
20385
26439
32435
10120
301
21379
27552
12067
21882
4736
823
20970
31420
6967
7142
6825
26207
3051
7981
16363
23443
9891
25672
9231
15112
29149
7694
7070
32758
20865
24601
28124
3681
11284
32551
17309
13979
28718
20672
30810
4618
3630
3609
388
7467
14892
24121
24600
13015
2607
19290
20596
19654
17568
10130
11369
11601
29439
9394
13201
22140
3285
9071
11747
29235
20202
32191
7300
4052
4791
20614
27872
23278
14878
2162
25082
12105
857
13859
10240
11814
22833
28048
17955
14535
29552
13478
25254
29746
23448
17714
3380
14899
10709
9728
886
7072
3633
24388
9189
22496
31239
20026
733
28078
32186
23562
22003
10523
11942
7150
10633
21202
10583
5270
5280
25760
1017
14540
24301
26420
17680
21332
19758
23843
12906
27158
1982
24367
3153
23679
20327
19912
2309
16676
29816
15315
9321
18088
17432
30379
6140
7136
24538
20325
3851
9014
13202
2393
27429
30027
32102
4573
11472
30433
7208
25940
21626
1527
6115
17768
20402
565
6323
9363
18072
13451
16346
27364
23954
23062
5905
30720
16193
22083
2588
1639
692
20534
7841
21496
16859
16237
24122
13240
29758
11168
9929
27855
25070
9196
21772
2771
17084
12593
32113
841
23978
18361
10027
21609
15519
31770
15749
290
18527
32605
11126
3678
24761
9823
21878
25991
17667
120
26001
16458
24771
16731
7610
411
20655
573
9313
8185
13272
7738
32584
1267
7458
11764
12434
1515
14583
26237
10781
23066
31548
24439
2833
12756
27012
1145
23481
21261
21892
13749
15250
24349
7112
23512
13730
9664
15012
29490
12043
10593
21868
21015
9184
14488
30695
11909
9783
16625
11778
9990
21376
16111
17346
21208
13333
28496
16764
7500
14610
9619
30792
28780
19558
27576
12979
29408
10026
20295
23988
23827
25138
32659
15842
10641
29922
8512
1251
9396
5699
31491
23336
8063
13398
24489
12759
18890
30121
31067
28937
30623
31015
23072
22070
21989
18484
30115
5869
21051
12026
26679
7113
14887
28413
12056
26528
21872
32758
13811
32509
32712
21214
23977
25553
1454
19273
24657
31077
18579
25333
13948
25747
28220
11171
25020
15414
8039
8997
16487
7647
6577
3513
20120
31434
6327
19093
30839
12560
23164
22211
25018
17693
17163
29231
18028
20325
25437
6911
22765
29267
26492
21282
16699
27778
12265
25644
8559
6960
6715
5473
17291
240
15626
2063
21618
9374
6923
11810
20536
23704
4476
3826
924
23083
1475
20063
18131
2380
5714
10784
21896
6281
21197
24920
26656
15679
16239
14954
29250
2060
10154
6927
10903
23943
1037
26278
16334
26415
30571
5835
24292
4258
10042
16938
28322
25872
29497
1429
9319
24814
20566
853
22055
3055
19150
27838
11700
28464
29590
18951
8508
15282
15610
29784
21779
13582
2692
30243
19123
13412
30751
17848
258
22421
7292
3604
27091
12466
19125
31226
22702
2484
5936
13638
20180
4205
9159
6269
18558
32446
30501
12968
28518
4875
25459
9571
22152
27884
16437
1841
9002
8741
31598
16402
18202
8153
17931
5208
12343
11258
24446
20918
4402
6916
17578
21146
10134
3563
17919
19388
8966
19537
18662
6135
4550
3837
14431
30297
30334
20105
26856
28278
27450
27226
29602
20225
30132
15318
19631
31389
28886
27088
6366
30448
12155
4167
1674
29177
15478
4177
11711
12708
23509
7250
15263
8604
12647
21617
27908
29537
12411
1869
7271
1178
14571
27371
26369
32684
1369
25076
11567
27275
20153
8477
29211
6097
18703
18662
24217
11789
23930
18311
27471
14685
17778
5927
30233
31551
27470
11344
18092
27812
13321
10400
18041
9798
5701
9665
28628
9020
8848
11419
14421
4555
24807
11463
31358
9856
10104
2119
8863
9595
20140
1909
8951
5646
26213
18746
29468
21639
20613
896
7837
30281
25775
10218
9957
13346
337
16578
15458
20184
11746
6707
4839
8709
12904
3000
21839
22821
18494
30164
31844
31470
18452
18436
3327
16096
31031
8946
368
24860
26131
27371
25119
26745
23030
24211
20852
4821
27670
1495
3829
23465
15318
3364
13742
20704
16965
24790
14806
10730
23783
7412
27055
21772
30137
9498
30126
28410
27759
30902
17372
22695
9472
6007
4732
24412
24420
2563
11758
11016
15516
25321
15827
26327
5364
19414
28018
22533
901
29451
29531
22261
19197
27918
15433
24189
30627
24224
15693
9604
25237
752
12585
30416
31316
25102
17658
15129
29827
19362
30747
26978
19692
27102
13125
20873
13764
177
23291
29980
23856
11582
24869
25198
11272
14732
6651
17898
25050
22655
22564
9640
12850
24071
5151
31550
18200
18327
8931
8153
19675
10457
16322
16012
27405
20640
28051
16615
20175
14878
29456
27084
10831
7767
30333
4734
19854
14805
31883
15867
15463
6813
20091
30348
26061
2659
2950
10650
24660
26874
27005
30147
20466
2830
26797
7981
22791
28949
32517
7706
17564
27267
32379
31677
14824
31037
15019
29005
12569
2385
12737
32087
849
20708
15514
25432
15342
27756
2598
18827
3854
2847
27153
26880
6482
16298
10914
1006
19683
18727
3555
5706
12211
26697
6658
29848
20230
5338
18679
19714
3120
10088
23399
16039
9888
19259
21192
31541
10013
19594
22215
9914
4176
5870
2534
27063
30851
30742
4458
26999
28840
31421
21620
6814
23709
28121
13934
8709
8366
27669
20648
14277
18524
30594
28483
16530
2652
32137
21839
4427
19939
22309
3120
4302
5409
6479
16966
11281
28939
18873
31949
20591
25182
19390
8449
24639
19425
6553
6278
21931
23018
7638
5384
1984
803
16647
14111
17857
1678
32696
7285
15553
2759
7333
6442
23408
17034
17194
8311
10294
14964
11770
8338
15742
13326
9748
21970
24661
12807
28147
22804
25907
6593
27909
27997
22296
3600
12127
20673
5339
26430
3503
5251
22719
27730
4466
16509
24136
12689
26983
17858
6733
16454
579
1155
14669
27583
6054
26927
22535
30616
20814
25822
10820
29500
16523
17648
1016
28328
20978
11761
30857
27762
1878
15808
1135
13578
3572
6385
29949
28481
1262
26479
638
8711
2043
1126
20612
889
21084
25952
18557
14619
3602
31918
647
28001
9038
6921
12422
24181
7209
5241
16243
18996
28821
11382
8951
23417
20115
3405
32568
31903
12967
20166
9459
13121
25737
20484
5067
26948
11294
26796
30432
18200
21158
13642
20388
826
17463
752
17130
19198
25962
7712
15424
10379
29012
2283
23423
2599
29624
23643
24736
20149
13178
22799
2513
31611
8535
27429
6088
32553
7892
9565
27736
9751
12660
30586
30530
9167
30254
9196
25933
21963
26910
14509
17817
9088
21883
3945
6448
8091
457
6369
222
20106
27728
30609
32067
13886
11212
11664
29990
6959
18534
25017
30220
3745
8419
8
25353
12838
12316
14662
1495
21605
18094
9705
13861
19225
3314
4150
2865
11869
24880
10664
19353
22822
26127
12181
3951
21265
21840
17167
18571
1887
27324
30729
9509
27965
31579
24506
163
1353
3303
4679
22191
20563
384
31644
27789
9056
11169
28570
9387
31989
24147
18808
12410
16274
19873
6755
5245
30076
21323
11112
12960
447
27583
22164
20170
25204
32580
31578
16821
26688
19321
4660
19966
1821
254
9101
19320
9309
26993
9695
7366
1516
10652
1817
9001
18133
29676
25923
9366
29959
16165
14948
22540
15450
21845
32676
3108
17101
20231
2990
7146
6673
20152
12376
9707
27212
4239
23430
14735
14871
8776
16203
28329
30664
22386
17746
6989
10231
19930
20861
7138
23867
5703
6091
24951
23861
21863
2431
14939
5840
28938
7551
2279
19910
7566
30714
23711
8039
24474
13645
8570
17558
22032
23592
22909
13588
24636
15084
5262
4097
29778
13400
6792
28063
14871
16229
31627
32346
15838
7790
31382
6917
20406
4500
1623
10855
25314
2145
13377
32758
393
5804
29152
6114
10415
12476
24681
21589
8292
29360
3734
8186
9275
30493
1200
6588
28670
250
22253
11728
1184
31929
12797
16373
14707
7351
5600
19194
28059
5334
13050
6529
28099
14696
7529
31748
25103
1360
19094
8213
22609
19299
3338
27882
15999
5909
644
2328
24933
81
10312
28063
17303
30376
2489
10791
24746
18350
15658
16009
12451
25761
8946
11665
32688
11084
6846
11523
28182
13867
9004
5851
11371
30672
6037
32729
18437
9605
41
5949
7090
13619
10306
13264
14505
29315
28402
12835
23489
28482
1502
2075
17121
21258
4688
12717
30392
19999
25735
23271
23726
13207
14674
27440
9498
32446
14813
21968
27061
18360
11722
21427
4175
27496
4995
27241
17856
27281
4815
25714
9506
17467
32164
7865
24381
20313
21309
20318
30275
22440
31083
10680
25022
474
8240
923
11974
15092
906
24534
28791
14069
32653
512
5282
17080
10932
28533
28867
27931
27257
411
6963
19297
13859
28010
25759
23765
31712
25643
1465
20912
23571
12671
21805
14653
12015
31396
6615
23355
2117
756
19763
16515
11674
6574
25109
12011
12925
5369
25498
7273
12056
32294
94
23932
17668
21302
21999
4807
26210
412
4226
6655
4903
32324
13029
1544
183
7891
6837
25179
24502
6193
5329
17835
13338
17989
5646
30664
29573
8447
27693
11971
24019
668
31498
10067
17390
8997
23061
7287
12522
27961
26118
25181
10574
4109
6861
10371
29871
29361
18888
10012
9604
27797
57
15285
21301
26443
12791
14616
14965
19854
31844
28273
14290
27524
5534
10671
20618
9280
15354
14637
15777
8331
14766
12434
11568
23268
20685
29942
11776
11461
9081
21574
31063
16680
27732
11241
3858
4170
6967
25251
22516
18607
10791
14778
16958
18790
16004
14680
3200
4494
27268
15409
12974
18713
8928
24165
12662
18128
15565
21416
5073
14231
2094
26784
32473
19187
23048
13198
12250
2249
6966
14385
8363
13417
12126
744
17983
24778
18467
32534
7543
6679
30876
3274
31290
18539
7429
6560
19656
12250
27317
16610
20811
12720
15440
14067
23984
13053
28222
1006
16820
19537
24412
20874
27970
9924
27121
20545
20732
10809
26851
30641
11544
24804
7467
9794
17005
13322
1926
25609
6605
26120
2669
19692
21910
28055
26696
26119
16772
5710
29151
25167
5321
2665
30993
6773
6752
10696
23496
15374
13214
21051
15148
29680
26890
31996
13079
6111
32110
21885
9673
4969
14126
11620
28638
7182
21465
29140
6269
28836
23038
1519
20945
10234
15681
9881
23997
21180
2221
15230
10955
29846
844
14678
15718
6300
757
31080
14666
1258
24934
10828
7992
20871
18323
15862
4846
26256
17213
30960
15702
9618
23237
1767
7934
16951
4931
14441
26312
3621
7379
19949
8419
15395
6447
29716
20985
24189
12419
21806
21162
9386
26748
25600
32570
7213
29090
17349
3974
30905
24297
29042
11069
10136
31618
4670
3660
12878
13047
2914
20890
13433
16247
18205
11254
26875
4719
19196
16206
4699
11098
856
17953
17001
20697
26656
13622
17697
24582
24281
9615
13010
9733
32226
6809
28032
30685
5373
30885
3462
31878
7947
16283
383
23876
279
24045
25959
20531
14998
12235
21758
12578
27373
32406
15725
7332
20532
5270
29228
16741
9018
14575
2339
23483
29897
10193
16912
3965
28715
23280
32040
5144
9964
13876
1281
26335
18914
27825
12207
30627
29547
12761
6958
900
26358
2800
2304
4614
27077
21697
7446
18536
6385
20880
1012
1841
24750
21327
17425
1547
30928
22037
15996
25044
2702
7883
8901
20723
25478
12841
23067
29160
23042
14305
11698
26663
18042
7705
11368
15143
13914
4383
5031
11190
15364
7000
16269
29583
25
378
26186
9006
30709
12027
8906
4579
25976
18122
4757
5158
1036
11324
2803
27690
1763
6217
10579
10421
19585
3832
17133
26158
27515
18712
30631
9720
31870
26161
27701
12286
17810
31418
28549
12943
10912
20108
3930
5229
1842
24471
24631
11552
21883
31956
31870
22416
18071
3450
32473
4819
12308
22645
31705
9540
29360
24596
16093
30165
15972
9730
20022
4006
22434
27511
31368
982
16860
16815
32115
7577
29509
32412
27507
7306
30171
27096
32005
26947
6565
13789
29452
30763
7225
6520
6770
20112
27010
7547
13074
24054
22976
29363
15830
10670
4304
25625
30236
27306
25262
14668
31327
9615
24888
7487
26643
26380
30517
23855
28368
6763
13461
5081
7859
11877
12282
5353
30210
31803
8568
11445
29198
9474
6809
2091
10078
22846
32677
22792
9481
16051
9760
2636
10084
26744
15507
6378
24029
5453
24464
25795
18471
10286
32752
3541
28312
3881
32351
12720
31183
3180
8219
7466
28057
5538
16632
18004
2838
15744
26280
8877
7703
23450
6457
11669
14795
26236
9439
13060
10395
13302
10484
12923
4946
5047
6205
28219
9089
30749
3695
31414
9506
8524
7921
25155
27515
32382
228
12565
32069
14746
15457
32110
19470
8455
15617
16400
31452
25538
28067
4341
30739
21422
16745
7231
28312
8748
19972
25458
21047
19180
23346
7905
2882
8451
2948
21350
1403
12861
613
28758
9780
29876
11096
2484
28085
29345
1665
677
18398
26739
7783
15396
20494
2334
2808
7159
3139
23734
9678
32738
25474
27964
21424
28954
21369
13752
1884
11260
10595
1927
24963
20479
16940
23031
4630
19432
5589
14353
24256
23101
4635
16566
29364
8699
2131
27886
23464
20363
12953
4220
22561
14835
5161
18614
23282
26698
14605
19859
26623
2926
6393
22790
11847
16377
8563
6282
802
11376
11062
23806
8902
20414
24281
31924
23056
5089
19628
7109
32130
30948
15331
20135
20872
27661
29942
19201
18431
8023
2887
6845
14071
29986
27142
1375
27832
21546
10321
9110
17668
30646
26784
20753
9116
4114
18273
28820
30726
18238
7391
13899
11916
32232
5736
27742
12936
21656
27311
26053
26079
21803
11631
4958
12748
20610
1617
28477
5343
17531
20240
12867
21061
24096
23771
2034
9801
27679
30971
13439
9243
21883
19637
24873
8400
26752
17522
714
20395
5628
11805
3756
29595
27820
5837
29085
18948
26869
11172
32070
4802
27860
8695
16312
22892
29720
27310
31048
25557
22735
13550
9373
27097
15358
1014
17671
31318
26261
23623
28434
12664
13985
19464
16220
9274
27844
21160
13219
9513
28130
27589
6690
18027
19742
16717
2846
15617
12805
18659
8380
2377
28424
20612
24853
2247
23600
15978
3724
21796
18957
2096
21088
5239
8432
9528
30077
7876
90
74
7064
7362
29363
11389
13434
994
2367
24923
6044
5004
29775
576
32245
14252
27572
13571
19984
29805
31609
19416
28257
16196
2258
1653
4569
26929
9039
28276
12984
32322
30293
21241
12195
15960
28367
10132
16118
4909
26913
19049
11355
10134
31581
30094
5276
1030
12218
24500
5045
21588
17218
20490
6446
15038
15562
10590
22183
21549
28711
12421
31925
20923
16799
4606
14828
19314
15774
27346
12349
12374
22698
22718
21635
30630
27545
21908
27736
30560
16386
25055
7725
1027
16625
17094
18330
15768
9183
22323
3570
11763
7649
18484
23835
7223
31007
6305
18588
14744
7816
22527
760
2917
26564
31908
24379
13893
19818
10524
4306
3777
17780
24780
7583
4866
26096
28629
13901
12764
8184
2619
26849
780
9955
26183
24978
21694
22461
22057
11739
12883
13557
9442
13774
18528
19030
14945
24491
18938
3384
19180
4529
15153
3320
5570
1588
17626
1957
30463
9712
30098
14076
20671
23709
5119
27031
3974
7108
26201
15457
19936
32720
4905
2125
23364
19304
32593
22600
10814
11516
19789
31596
27086
670
25016
1910
19979
4116
4370
24442
19467
23339
23232
4821
19719
8782
21844
10340
7355
8534
12303
10739
5900
6308
28068
1016
22765
19053
15423
3458
30851
25174
3782
19564
2183
31553
23391
18902
27373
14182
9010
2773
14019
7845
10096
362
13659
14106
28564
2481
15020
3059
1257
18267
23798
5758
1868
30558
20389
15750
32563
2539
25976
24288
4334
6305
32226
5953
29997
3328
25009
15443
23235
2848
21229
15623
5545
29859
21507
23596
16198
6120
27170
31041
11245
24449
24294
23431
22952
5608
17716
13147
15412
4461
17765
17859
2636
23667
29862
30279
28715
11740
15262
8962
19276
17858
4178
1784
21364
616
1862
5802
21746
16752
32741
2792
24613
24910
28707
3559
4672
30460
4961
16019
23370
3055
145
32294
25961
30795
27546
15354
351
11603
5630
13211
15445
1059
12986
20769
728
25761
16750
12221
29985
22705
9405
26257
20633
24488
30711
6085
4764
5636
26613
30167
14461
1370
4933
13106
16587
12431
13704
4099
20947
12363
8727
31304
10598
29611
20973
29737
14813
31030
2241
13452
6233
5139
21874
13796
8272
4473
29096
10057
28741
21094
17593
29646
9174
11668
3529
21519
28412
11689
31030
7689
32399
32685
9523
18223
16904
9666
