10000
22962
19642
651
16911
30600
30272
27429
3582
25291
9864
26194
20903
27775
11933
29890
28556
32626
22305
24924
22662
5221
5092
30340
31743
12652
5557
6297
2146
30872
11896
27074
4048
2514
15225
23275
25877
15370
2560
19978
17626
29074
27174
11687
7963
3012
25574
7579
5340
16875
17015
10520
32280
24417
27097
4585
3067
11508
10927
9467
23377
2446
2124
14365
2877
30230
9488
13572
11310
6289
18677
21906
6927
31373
13925
30040
7358
1727
16719
7257
19904
2539
23673
10000
14899
15108
4376
12213
12803
3733
5278
7357
11617
22879
28883
30880
21873
1603
29223
30430
1347
25443
20550
19012
22277
19077
17646
12395
4471
10424
1277
22147
2463
10553
20431
31566
19645
1943
2246
29295
9857
19734
3882
27877
22396
32081
18484
10963
4053
30244
3941
31362
573
1737
284
10408
8996
577
21352
17899
26669
20726
12571
26017
7136
17822
19232
14810
6560
14690
5134
12448
1500
13120
23036
30333
22153
7854
12952
574
16335
21888
28019
3575
22786
267
159
8519
3541
5771
9084
4317
12234
29378
3023
5947
15341
22754
276
27322
10434
22701
14870
29903
20604
24539
14524
3724
19311
31420
6182
26218
20168
2078
248
29509
25468
25713
14326
6312
2430
20521
31442
24651
6965
5476
8001
27866
1325
12493
10324
2552
9741
448
17926
32132
27337
17839
29458
32283
31512
25284
9479
29406
2601
17863
17053
24693
8081
22339
21578
10068
27785
19428
8977
30524
342
21540
14747
7173
30472
28454
31624
1948
24935
25826
18183
15688
7467
11139
21668
561
20075
15373
18786
30498
9048
6723
12042
32654
12075
5064
18114
6609
29020
31364
27105
3257
23829
24137
27906
3653
29926
2487
14680
18348
20154
18013
4161
23201
5130
11296
11549
19414
21072
32737
14688
30399
12223
25946
18150
28312
22577
26697
17543
28841
13921
8401
8428
19401
19802
30493
4000
24865
17967
19014
9322
8754
1517
32375
14555
12314
24526
13903
20515
18
14255
15238
27945
10556
10436
23252
3802
16284
1163
14094
18112
24675
15870
22419
7639
21364
5389
30182
15261
26145
5707
20124
873
25397
17128
31097
7165
19512
29919
3286
5470
14318
21360
4165
8420
31265
27601
632
3981
30880
16929
30303
2710
20872
28317
2961
14925
14018
6934
17901
20257
8909
29859
2177
8443
19134
26003
14251
22737
29061
11173
18045
22648
113
7804
13158
21689
2295
14925
14351
21928
5039
17115
12420
4401
24735
4773
32148
21492
31932
27229
26234
27731
20654
21661
15805
19400
3284
29142
19796
21116
5768
16521
19982
30998
23204
13753
28209
19665
10564
14752
11105
29138
32462
23713
964
8120
24112
22654
16996
19572
8297
12747
27349
31067
23883
3490
2071
22137
20863
3993
25277
12329
26057
21489
25167
23267
15245
23056
7662
4436
25235
29489
24630
30900
7175
2395
8809
16212
20164
21135
17097
2422
4306
17478
31301
8290
27180
23323
21848
6070
13511
2756
13359
23806
15825
27206
5642
25988
3126
28777
13284
28266
28777
21610
11862
757
16737
26353
21177
15660
27362
30530
15243
29858
12541
6327
20499
20368
19674
23662
26440
27174
18101
21311
4592
2083
12583
27633
20485
1188
10663
429
13660
29753
16976
11954
16777
11582
14565
14155
28413
10857
7954
8446
15729
31647
22516
18951
15240
14604
3804
5381
21423
11378
2896
31986
24648
9409
1619
9560
19209
10217
25831
15042
15262
30444
31695
14193
6550
6199
16537
24657
25980
23602
3036
3628
11588
4118
20671
5916
8170
21247
28090
27718
1109
16706
31393
16325
6017
27136
14302
18149
5597
17147
765
27794
29682
3753
29807
2064
2630
26759
2695
27628
14464
27568
1481
24882
17356
10158
23140
25312
29825
22416
23293
11675
14082
3900
174
30625
17378
21255
29775
25855
4939
19843
15604
3076
8096
6040
14262
7669
15201
18135
15543
2050
32335
13834
5472
8313
3537
15376
10221
13370
17559
17640
31788
2155
32125
267
32129
9324
1458
7935
7726
30733
31257
17193
16337
12799
5103
12771
1326
23177
10415
24526
28975
1660
24882
23657
30505
13929
27675
19171
24673
13841
12146
23854
10959
4125
15759
1365
17698
27152
4410
20751
19460
23673
21776
9108
11422
7021
14889
16815
20575
820
8695
25621
13817
23875
8049
17397
7085
29034
4977
21968
7881
14159
26715
9867
29807
15387
12544
3779
8087
4211
11970
12384
18519
21162
760
29293
6243
10549
3988
28455
16592
16735
19203
2131
3357
9790
2900
5589
10099
997
3229
25215
29228
10971
13978
27431
6803
26572
26008
5116
18666
895
14993
18458
4530
32520
13977
14171
3110
24639
9592
9840
12809
8816
7065
1329
27809
8020
2851
16178
29444
1088
13413
31383
23954
10141
30071
14633
4803
21144
15646
4009
28963
21274
9457
26468
23194
27131
30394
32263
1265
26995
8479
6069
13202
6097
24450
5975
16015
10863
6437
28979
2790
27877
15250
11201
22532
26749
5178
25273
1671
8167
27996
113
15432
13102
29224
8550
2457
32747
7717
22040
29643
4537
15312
14108
2292
30440
13958
32620
24814
19830
17315
8449
12195
7226
9964
1956
19592
19555
5674
32257
21352
22305
24
26877
16995
31650
14975
19785
14646
4416
23456
21303
15805
18937
17106
15565
10678
31007
5228
537
9671
12880
11493
1987
21955
21673
20282
9193
6697
22071
4752
25894
2797
25518
21275
20468
3963
10334
10814
1589
14330
21090
12788
3340
15309
10011
5998
9457
16736
15325
16638
26629
21281
9959
2867
8866
9676
15513
24902
6711
5100
11489
13492
13907
29343
5367
6189
16383
9113
22858
429
11089
2155
23482
30697
7998
15109
25095
12012
12208
12154
16521
22530
32216
8964
7458
10453
12998
31816
24178
24022
2103
219
6985
15326
21422
1028
7778
21781
18374
29380
21070
5396
24518
24851
10670
22598
10614
31853
22437
4756
24881
1933
27789
18753
5180
17273
10985
25618
15702
27070
10395
6579
3984
7165
4184
31574
25439
27814
5976
25501
31216
25860
31570
19642
2747
11386
7335
20949
20315
13580
2270
24493
413
4384
2384
22659
32727
22150
2596
12084
2939
12983
28030
15781
21995
5210
7924
23139
20367
3597
31554
29067
27942
22113
24638
9448
22361
2342
30990
14172
14486
3562
6808
18305
7451
18364
17466
7567
6481
29238
6331
4225
10844
20410
25474
18035
1264
3323
32262
21583
18022
32191
10630
168
15375
5860
12538
11750
13512
18849
26441
12196
4302
9231
21948
3926
980
23272
11955
1071
15699
8334
22679
8770
27426
27983
9487
1255
19014
7399
2167
30816
14859
1350
25998
26300
1364
27284
16750
3068
22063
29811
29634
13685
1964
2180
10035
4213
18928
11820
15907
19497
19589
24472
28574
4798
25332
27646
12429
7623
22422
20262
15661
27103
24743
8746
22208
19855
27548
2426
2435
30578
12982
17442
3807
6038
20696
16464
8163
14374
18326
22800
19442
2374
11150
8539
10169
9279
27387
24656
26724
2524
25223
8897
16146
24596
13409
1521
2182
13032
5520
8092
9503
15503
1415
10040
3338
30929
9209
17531
29878
1969
6382
10013
5512
9038
17175
19423
28369
11531
8286
4812
4861
5614
9410
2751
21773
9798
29538
5669
27207
26769
11735
19716
21547
15260
19911
16445
9898
20460
15543
526
32403
5213
7713
6106
15438
22025
32711
14637
22220
5995
25670
32763
23230
25285
23534
28200
27141
7102
8145
27725
20330
5200
25370
9658
31376
26849
20129
26039
30758
26544
23228
23056
14945
1907
31575
24272
17834
12607
21063
14156
5524
24999
23515
22627
19984
25896
18868
10245
3300
13253
32727
22002
28505
12270
26625
12740
8244
19622
3899
8752
488
24293
16813
8585
18698
7739
6327
25477
6917
6327
12094
2116
1295
7687
28740
142
24412
26080
13244
1885
28817
30113
7580
21659
25979
2355
29491
27948
28929
819
23229
13359
10327
10323
14645
8577
28533
10749
8810
16771
2504
17466
3925
25118
8999
29395
20138
4356
25864
438
25517
20280
27636
31898
18247
7632
12600
16870
16217
18426
15582
15567
16464
3645
13275
2753
3322
5889
5770
4097
2200
18514
17241
16272
28468
28385
4547
6738
26676
22091
6526
10607
10032
13982
31221
30714
3841
6938
13816
20433
2842
9780
30642
15812
4892
22241
20700
8441
3236
13072
19249
18830
32615
31608
23842
27265
20354
19605
5834
25293
29195
20717
6948
8662
20460
26776
14716
11015
19185
27135
15139
31930
6431
24548
14695
24152
27208
26787
4034
22977
3036
6839
15954
25582
32514
4735
20617
30933
13543
3394
7206
11916
25942
13682
27748
946
13194
1069
28017
27915
5440
23561
27681
26218
12304
16657
15844
2772
8444
21003
25846
30690
25162
26365
17621
103
17295
30959
31480
29267
10253
14065
12222
29655
32574
27744
29605
15306
11185
7270
31932
10572
19477
30400
22619
32425
6804
2500
25873
17280
22114
21922
10462
4644
27541
9450
22434
21570
19767
20046
7638
12996
13721
17322
890
15606
16619
4673
31566
2791
5642
14409
29253
24339
4505
29611
29495
2878
10067
28164
13014
7331
28063
27119
6115
4942
1893
21894
5026
10439
24609
26150
24203
27120
28214
8563
27970
10288
28548
30620
12745
1489
21564
21217
31989
8615
19443
16466
5150
9715
10486
5593
20251
16006
3550
14714
21101
14890
6500
28122
14779
23357
1142
18430
18047
7071
26250
12886
26366
26575
5170
8442
10621
5456
19440
23347
28594
6226
9548
32317
30329
15502
30245
7499
1480
25970
8773
8908
23781
6526
2360
22253
11990
23790
1629
12127
17178
8089
14141
19546
3734
16921
31772
18146
22738
30252
26318
13385
16741
32346
3020
757
14766
4312
27015
5219
18117
25005
23036
14444
8113
6163
17033
28103
31708
13088
30207
3024
9668
8613
31992
14727
9714
4439
14443
21980
6704
14636
4733
13610
3319
8968
12698
22529
24871
14489
25029
32552
9722
6015
10284
16610
26427
28849
13568
881
19891
30492
10115
217
9189
8589
22627
14310
4859
17360
7750
28272
11263
17178
16550
10462
4430
27044
3295
15081
21578
7577
16774
21923
23376
32562
17405
14007
25578
12831
21572
23794
30021
22058
13074
26114
22245
29463
28197
31102
24471
23502
18134
25895
12455
19644
26352
20078
12628
18806
22466
7478
24193
32159
28531
986
17069
9485
10390
18546
10789
16167
6142
13138
26488
4497
29908
18132
15404
15884
26342
9304
14767
28567
3906
17032
11920
25306
32516
22753
29679
19909
4204
9327
12083
27253
22068
27095
23547
10583
5408
22683
12886
20111
31702
13210
15670
32411
3312
25302
13602
32307
28496
21114
29484
10612
6323
17180
4131
26174
1673
28479
1033
5595
30981
10780
22983
18913
25712
23458
19232
16473
3266
32187
22756
27424
32627
32465
13158
1678
24463
11665
1839
854
14345
4590
500
18349
18513
22377
9158
2991
32552
11408
12425
21758
6068
15301
21927
21932
3279
8513
22534
12891
22181
601
24119
29602
9854
10751
10992
9907
5336
20107
23484
28987
30137
25788
32753
7306
18243
9209
7138
23540
28297
8157
27735
21111
13985
6899
32314
7070
17915
30398
28307
23460
32240
25853
26295
6877
30878
15916
10427
28754
6388
8526
16431
16299
24841
16618
11017
3667
690
340
3808
13270
24147
19501
20059
27022
25589
15661
4840
32126
2713
3104
7857
11390
20940
22575
31436
26521
380
14433
21937
2227
7178
13666
9714
14958
13984
4226
25894
5967
11205
31744
30502
17437
23599
10377
4477
2442
29144
19452
14105
12566
22868
1392
7239
10543
25953
17016
1758
13469
20672
2470
32441
10525
4675
20045
25195
332
14120
12683
13359
17863
14245
21639
13086
4497
31172
8184
5285
13749
30321
9447
29237
16428
13521
31413
16188
27136
4054
15967
23381
12466
31249
5889
5307
7898
13255
25497
12036
2061
10054
30222
16908
15363
24441
32625
1327
29945
19643
4482
23227
1365
19433
22902
12196
2185
9147
30711
890
6969
27732
6765
11417
24224
5399
14716
11424
19248
31933
8397
10532
5752
20388
9234
23717
12363
8298
9540
5056
6943
28347
20527
2727
9139
4199
12081
16079
15349
12472
32063
2280
32034
23042
22824
4882
5423
15739
15902
32590
9064
11597
25970
21042
18519
31978
30111
30178
27879
15264
8842
26939
1225
32109
8968
28497
20503
9748
8097
21276
24631
27248
32404
4974
25603
31753
12570
2856
32550
4837
26095
27054
12489
18849
17679
3992
3440
32704
6333
9131
20510
13890
1994
29703
1728
6776
17684
30625
24008
13080
22605
1012
20249
25485
25598
2804
14371
14736
3275
30020
6991
14588
26104
27816
4253
6622
1836
10941
10635
11468
12149
8168
19514
22905
6541
1676
18892
27526
25948
13952
13328
8602
15037
19648
13921
12980
2437
31586
30155
15808
2754
5580
15472
22377
26432
11557
29738
10799
10066
20745
13426
23737
20430
18561
26497
12908
20570
22322
19124
6716
9958
25300
20021
8130
23674
3302
6104
29327
16178
5280
11587
30657
32135
5418
2386
6612
1743
29707
8378
19130
21767
5092
6636
27693
977
8030
15420
4676
22713
97
23106
21572
8380
22407
15232
8121
1803
2000
18758
16838
18700
10903
723
6842
27554
32708
31933
12259
21934
11844
28563
4007
29654
26806
6592
15312
18821
19047
30898
3624
4914
129
7484
19270
24038
4991
7993
22439
14328
25828
29811
17153
24347
13613
11971
7635
3996
17924
25977
19777
22756
27830
19965
20767
6980
10471
18359
12364
4850
4997
24365
32577
5198
14842
3179
13545
23914
14758
12456
16820
8394
12172
5926
7399
11624
20555
32090
15414
22523
15441
26189
10644
2425
25675
15682
11082
5851
4575
2969
12870
17952
26782
17907
694
9364
29492
29847
19158
4690
4322
15125
7174
9992
22319
809
31264
21498
15322
20193
29960
26442
6930
30210
133
21622
28137
21161
32335
26146
17671
8494
11881
15640
23451
5965
31152
16525
22168
30344
19125
25510
1053
7623
26824
25658
12084
24130
2389
26330
23488
6048
2932
5134
32433
24416
4539
6882
1658
14201
28246
15521
18373
6205
5466
17889
8805
20867
2391
6335
29324
1797
30253
11372
8766
19463
28192
9705
28421
8762
32046
28174
14311
24543
1695
26833
26517
16687
8415
12741
20197
10491
25481
481
898
21648
23492
8835
5858
1757
6866
4532
14713
28376
4838
15278
7725
19741
13878
28060
12809
7384
3154
26016
31797
17382
12724
9242
14886
3639
30104
25128
3090
30839
2574
20841
17831
3565
31309
2311
14076
23971
23370
17396
456
19143
27273
21619
20178
15441
3891
28891
30632
28646
29034
15767
30868
29692
7129
14450
16076
3392
23439
26898
9961
2868
21005
31425
16282
20509
28061
9076
9370
4124
15334
31749
1503
2971
19134
11716
12053
18666
2879
6446
9034
4394
27421
23036
8427
13419
6198
19552
8687
22801
8811
30603
11346
23164
28591
370
1733
31464
13917
4050
9636
27793
29135
14961
25640
30235
1324
29352
24030
13874
129
1054
31831
19054
15380
4822
3361
23929
15861
14956
29687
24691
7637
12955
19765
29589
23323
7427
5263
16917
22837
24617
9217
21834
30252
13248
7945
8977
28540
16935
7701
23407
2338
818
11831
14712
10998
13357
31008
23407
26683
4382
10572
26158
9589
13131
24186
30664
20602
14588
18015
11630
24268
6786
11675
16527
1574
20600
7404
32579
25429
12105
22178
9194
841
7155
18515
20496
620
32266
17615
11925
13875
4863
6742
266
5362
1698
22793
7261
20468
29926
23967
6329
21451
14564
29785
14504
8933
11555
10296
19323
15968
16663
4717
3819
4383
2023
15889
21504
4382
9332
29718
27442
2818
13974
894
7119
19445
11688
22986
10908
7600
9288
32694
13247
18649
10584
20003
23516
4496
6728
28501
7295
25157
29336
94
12218
6348
13464
26330
24335
10675
20339
11997
14735
3539
9835
1322
30020
11813
7526
8614
32717
16855
20138
13836
584
21151
19941
13537
23669
23376
7280
1195
23319
13483
13012
29534
11678
17527
17294
32279
24324
8916
6927
16652
22005
10700
16647
9155
8242
9003
16099
5507
3383
2192
12180
28169
23580
2501
31891
18043
185
19788
27682
24226
17421
7994
25812
25171
17377
585
2639
9006
5544
22312
5969
6796
4266
3605
6385
18354
865
5806
28456
15947
22563
516
13967
30997
27906
2802
32618
17626
8945
30893
30182
22434
26664
3995
24479
26663
16841
1129
4709
22921
6339
9560
18496
20291
19958
11735
29873
15710
22937
30807
32571
18660
31193
603
1826
3224
13507
30414
5235
5604
12644
12954
23108
11795
11311
30582
28221
17344
2719
16639
6488
2190
21021
28683
9700
5914
1571
16442
20176
13614
12706
15310
13350
1592
8097
8636
30934
16890
1831
29186
28085
17282
11868
5180
28101
1117
18667
19570
20407
22536
5546
29237
4270
31655
32637
7658
7238
19961
17784
16485
21973
17292
28227
22714
18161
27437
2755
15439
5938
5795
3062
9526
12600
31645
12319
31418
14576
24808
19236
2104
14100
11237
28212
5681
7665
25147
12972
6556
2925
29641
11324
28033
27720
24799
17990
19139
25762
4269
4230
29246
8638
27643
16120
15633
30981
4123
24822
1853
30798
11804
5025
10352
19292
27201
13187
28443
6824
20401
20851
20938
18273
11376
28344
19125
10418
27022
17521
4498
11843
13215
6708
10158
3074
1899
28661
27196
21283
30438
32553
7917
7269
14946
22316
11969
10136
25091
6368
796
5212
15219
5528
14620
6187
16344
21812
7978
21914
7683
18317
12495
14555
13546
9491
1225
32135
4697
17076
24927
16794
18916
23808
27377
18880
14368
7819
8403
23247
1555
26003
7260
19604
232
3299
17977
14802
6631
15351
30215
29064
8869
609
12322
3443
6520
17004
30135
20948
6702
12030
23329
14963
18175
24771
22642
22756
15807
18055
2127
26633
27993
29924
18690
14552
24440
6430
29642
23646
19079
4939
7797
12036
32732
31671
6961
10514
2608
6022
10912
6257
4179
155
5162
10165
20509
1209
6295
22107
17832
32744
29405
17998
21180
13851
23350
688
31371
28687
16502
9176
1439
24438
11164
29847
8720
3669
423
31936
21498
23979
6059
5351
18990
22355
19747
26472
27432
22315
8329
684
11842
20342
29220
24743
5415
11391
26914
1957
22921
7040
12006
10311
8983
14529
29859
23752
22953
26884
30506
28037
26558
25121
29952
16061
297
9966
19124
19349
16903
31329
10607
21087
14836
3577
7117
5659
14207
28505
19691
22846
26587
31031
17858
30131
7895
19316
5299
13856
23311
3724
4962
21610
23140
1585
16072
16763
21163
14131
21892
6723
8866
9379
12402
28156
3880
26680
2431
14771
24749
10737
9404
15620
29927
15100
4017
3109
6342
22487
27379
806
16043
21941
29177
32374
25813
16163
13611
31914
16411
9195
14908
3450
32481
8249
30394
12812
14405
24316
22755
4726
23449
7055
21179
11390
13334
26265
7003
24483
21710
12850
6796
31330
227
26951
12948
11442
25591
5695
23632
977
12003
23774
18819
21314
27820
19306
366
12055
9139
18189
11169
23404
5931
6011
32016
21812
15568
21972
31593
22584
15062
17100
2725
1628
544
18441
30942
5156
22707
10445
31840
7800
26730
9684
22530
3492
9707
6272
6583
10659
9177
18739
10080
17309
9804
1276
3556
6318
2686
13943
18051
20969
22215
1518
26215
17821
1739
17604
27772
24022
26610
10260
8578
18471
6680
5781
15969
21159
2182
3521
19644
6714
28449
25142
30152
28178
16354
24412
13151
3189
31878
2632
5968
7360
22663
3040
7418
2732
14154
1600
14617
9936
23194
22877
7135
12391
21845
6888
22855
11348
5733
17782
27558
11619
8178
25309
17538
29138
16086
13793
24488
31248
22098
10000
3193
31940
5119
30954
24965
23569
8199
1861
3675
24
7572
5616
32670
15039
3977
29335
2396
6321
30065
28134
2972
17319
13492
28657
17718
23013
8721
11220
18664
24327
16200
13974
18597
10749
279
1364
11056
29781
12648
5787
8170
28344
16841
19221
9449
32440
8732
12648
13129
2505
28560
18779
1479
29068
4048
571
11659
9556
3194
30845
26950
27875
17106
13988
29309
20596
15288
32101
13605
16895
16343
22281
9583
27576
31776
31252
10213
18392
19063
16164
16310
26017
29355
11803
30542
32668
30636
26240
14122
18214
17656
26403
32491
2346
20567
30976
13481
4144
968
16742
32393
26519
955
16217
23186
25630
9600
14388
26812
5546
10752
22419
6986
1603
4267
1647
16730
27231
5809
15755
8123
9827
13941
22287
3070
19815
15167
9075
15824
32057
15664
17823
19079
15269
6524
6737
32506
14580
15059
11966
2966
7091
17952
2684
13998
14774
32630
20639
2323
25180
31559
31779
10469
7699
28632
15242
22184
1823
15089
12229
16538
8088
28633
4696
8260
18610
386
1722
22096
16194
23808
6906
30874
16765
2111
15272
1674
16898
6390
7923
14240
19483
6103
27407
6224
32063
9225
7130
26897
14300
27351
27582
29617
29524
18346
17369
19179
19781
8244
30555
10299
16398
20719
20016
23537
8847
15814
8928
901
21808
23313
6067
31274
16420
17095
10008
14245
1775
10735
4935
4448
5413
19032
31014
4538
26741
5258
2665
22946
15335
15868
13054
16484
30818
32648
11688
9666
3697
6171
19434
10823
7494
26545
29990
16856
2816
13953
8454
21644
29225
31860
20763
25022
2179
15580
19908
22880
25348
19043
10834
8081
15135
1857
21609
28274
6469
30131
12969
2614
2220
11432
5774
31609
14415
1213
1429
17363
11574
4459
7585
16556
27127
14975
6300
12370
12157
2507
13153
3400
15112
284
31706
13282
9589
3180
19045
1550
18368
25688
27261
373
18631
29908
13974
31683
14416
7197
11080
31042
23374
21999
13744
20910
3424
9977
16660
5957
23451
23694
18373
29725
15497
29853
27466
29114
2417
16867
22458
24288
7385
8287
30314
18342
14922
19974
13256
13260
9043
15289
23687
8014
32208
27252
22013
24889
28525
10440
13769
29886
4709
17547
31928
22661
10128
1230
30954
30788
10652
15
4912
21647
9626
8880
3001
23794
31933
31144
27118
12349
29535
5497
9114
14111
12613
6498
16206
19702
5924
19157
30212
27366
3428
13611
6146
2344
12323
13719
14593
10917
31869
856
26511
18116
25355
2099
29618
1408
25513
7457
2254
445
5757
32581
7880
1500
17973
4384
1644
30349
32655
15368
5388
24548
14879
1494
13162
22704
32333
12000
21465
12296
11421
27687
5022
6438
18995
4561
2972
18809
30358
16857
5169
15605
28340
29445
91
5294
16678
25624
5151
17317
6070
20297
14891
32225
14878
29173
15546
7618
11795
15505
1464
29587
6274
16098
10790
13150
17434
9328
17601
29956
28938
21816
25566
31372
21004
3745
3737
12476
23202
2225
9518
7654
17055
31617
8359
13061
25322
6382
30136
13065
20351
20114
7911
9326
21174
25587
4591
275
11720
18681
9319
6218
17039
10406
9119
22315
2701
5121
9163
27439
32560
22867
19043
29434
22356
23446
6089
12663
15882
32299
29741
30506
26264
30923
942
13762
8641
10176
1473
29166
22598
11349
17367
1906
3756
29067
21306
29562
22080
26893
11832
6446
20313
5222
26756
13446
8413
11890
729
28512
2310
2322
8672
19664
27494
29476
11348
24247
41
15027
5220
31127
2203
8042
20569
23205
11498
18767
18040
29728
26412
6062
12330
21474
8099
23634
14426
22581
24128
22267
22815
9959
13671
1293
15515
6817
18930
6534
9507
6772
7288
12594
8351
4021
30671
5922
2868
28171
10447
11610
9505
454
25433
19914
16359
30834
30872
14208
18093
22444
17031
23579
9698
22069
26804
8579
22052
19269
25155
27607
3681
10274
22837
935
24892
12272
21227
11364
18866
25035
16869
32532
27389
18707
25808
23882
1976
10247
5824
4182
29765
12438
29882
26809
2156
16241
31861
29148
21572
19813
2145
3585
7255
2792
19689
3705
24833
23026
15093
7191
29977
6670
27572
998
26579
31408
31128
15383
17893
18377
27298
13629
30185
25753
4063
19389
13315
26820
32307
28031
28867
5033
1109
18410
5965
2543
16923
4624
32439
4448
17656
18213
2738
16123
19907
25910
16237
19268
9145
1047
19638
223
6342
22686
21603
31069
8960
30734
28656
7254
12148
28630
14697
5304
4646
1404
23434
12382
14163
13012
27942
24037
31225
12917
7109
15547
17306
12397
27025
29560
22844
29492
627
16498
31156
4319
27769
30859
12580
1174
6011
26702
1475
14408
4094
19259
25052
22173
22872
19806
24346
31021
13077
19239
22274
1775
19866
17269
23745
22260
12808
12276
1064
27477
24931
14249
6645
22634
28404
28619
12628
11324
6635
7893
10917
27197
10825
13785
6016
28471
5373
29719
8182
20867
11085
26830
19738
4475
22904
18258
23745
11825
14490
16735
645
29282
30671
23469
14864
3493
24731
28868
3735
19944
31370
22034
31652
3357
4627
22331
19225
10033
9922
31664
5234
3134
1175
19075
16714
17153
3241
122
15136
28558
28942
27746
9820
12866
26623
26021
20109
29434
6712
4383
10229
27778
20638
26670
2631
3153
9508
13832
2223
31347
15087
32594
2835
24006
16825
2030
3225
12393
18547
27412
9065
14450
9006
31140
13748
30943
26683
21178
32757
11984
18577
27267
20598
12019
18288
29520
7190
14143
5444
23785
20555
2277
4556
24100
1635
24195
14715
15542
31759
4763
543
18248
29985
2629
27328
13774
27285
14368
17099
25620
10958
19342
27760
6809
20259
24609
7752
22945
10906
16720
26683
23174
5619
5743
32673
15183
15593
2782
5799
2179
20660
18048
17140
6464
17362
19054
14221
29063
29447
1517
22006
7898
24483
14238
23195
17161
24323
28405
10350
16713
25434
16876
30672
16774
16818
2809
27829
32250
6445
17213
22531
3839
16273
19710
10300
10529
22275
16983
19805
376
28947
7214
5126
19509
25337
17767
15322
2426
12062
28247
19753
5231
10207
13436
29133
10386
12173
29291
21841
20814
14776
19465
20569
30672
29101
19198
25405
790
10813
8039
17400
15944
31424
22731
833
31052
11610
11089
3319
6037
25213
5424
1986
315
3503
30822
22520
10833
12174
31917
18877
9331
28945
19883
9839
28318
1040
2409
14657
30532
27911
29446
1829
1184
6679
15789
15856
30536
27469
964
7864
6913
4135
15974
26497
31190
24148
20756
25
25964
1468
32167
28225
10896
17856
21641
21773
8978
1987
29989
910
6614
745
12956
22190
13608
19742
28858
29274
23376
32091
19752
5607
17766
17188
26851
4014
13416
5974
26092
5114
31882
27167
27970
31525
23245
29262
20749
11005
18643
461
7964
12140
17138
875
14225
18009
13447
1503
15323
25289
32397
30730
27109
27466
19566
31357
14221
14225
11032
27195
16984
4450
5716
2240
26468
15536
28755
25922
6046
19206
6026
27446
15412
15909
3777
14870
16206
15855
27494
10850
3321
25987
32294
9189
8291
27562
27071
10553
29006
10866
7183
15501
21951
18968
23921
422
11254
4907
27210
16676
24739
11247
19167
12551
9559
17664
23914
9841
27449
31031
18028
5293
30202
25809
15172
32113
6923
14286
23297
13920
269
18328
2421
10195
29577
25573
138
26841
7905
29406
3034
23677
18566
6273
8825
13383
22380
27972
21269
31749
16571
2043
13890
4810
11464
24315
23311
13624
26691
17536
25053
31995
30130
588
14705
31126
21277
22673
12871
18018
18443
25617
23593
16851
20398
12164
25089
18942
29531
29754
22508
8792
10557
19969
12175
26305
2889
26185
18094
12225
31348
23174
17402
19473
548
25046
13867
13149
4069
30180
10575
5704
21342
780
9826
12209
23171
25536
20766
15156
15884
11050
6164
13556
29221
786
11004
18072
3943
8451
11082
1428
10247
5801
19202
26282
32077
382
19916
2736
10568
23974
8267
18579
4289
22
31147
6300
12653
31740
15225
17650
8294
30555
952
865
19676
13046
9521
23641
23304
18800
31242
826
11106
27057
17562
974
25108
4236
4732
26903
686
1438
21986
16716
29723
8057
10540
8990
212
4866
28858
6207
10067
21015
20222
4389
20171
15733
7893
17932
13334
11737
26647
10554
8943
6246
620
20102
20321
21063
23138
27675
25471
14229
3261
22650
5462
14715
19471
10686
22816
6040
17544
23076
955
18596
29198
5578
29017
22103
7312
5559
1144
12422
28312
11292
4373
15248
23072
26073
2076
7672
16295
25923
30500
4435
2948
23077
12377
14949
15737
15109
11961
19591
3723
9128
2692
31819
10513
31960
4589
1379
9996
20836
23062
18367
19126
29801
23611
16374
9566
23760
29486
24295
8306
23064
19715
1184
7390
1621
9484
8831
7316
6521
23048
18582
10860
467
13463
8788
29743
26069
29169
9826
19182
29466
26328
32204
32153
7848
20171
26209
16845
14962
7037
5212
7916
1057
22661
22340
3955
4371
30551
1552
19592
15268
6003
30351
30675
30125
7900
1031
6031
9291
14028
26909
6369
26850
166
28916
19560
31585
5932
17305
4373
31175
12274
20895
8509
20710
28946
8966
13804
8806
20258
3426
29821
19470
1891
5432
23143
29759
2619
32428
7002
16321
27110
20825
9611
5315
8552
21377
16460
3868
18374
16486
30943
2519
885
15863
20876
25071
21011
21935
26353
22103
30805
29883
32666
10557
11841
14171
14801
26256
23453
906
19383
29632
30887
14049
2452
19653
26374
27577
9836
4706
22273
6544
25299
19883
3311
5294
7681
3269
6894
12551
32041
15597
25304
3172
7431
26043
29811
17342
441
10664
7144
6122
14543
12239
13431
17788
24997
23280
4968
5093
4081
29114
8005
24542
15512
7242
26438
9482
14534
23279
20237
19158
22333
23088
8851
14501
16365
18448
9827
29994
8645
3728
30726
21780
14026
6006
21182
31985
20070
32077
3191
14924
20994
19885
24314
30745
30679
16572
20836
21076
6144
2549
21974
3300
22484
9768
28527
29125
8052
19138
29815
23142
3488
23119
16605
26704
24015
573
27876
12553
29822
26083
23577
24888
1480
31426
14472
6921
2615
31242
11823
5075
30170
2912
31411
13561
26007
3294
9554
17422
14019
7259
29465
22076
15600
17901
27479
4838
2566
31661
81
2444
31894
15034
12343
7919
2154
385
12887
21878
28001
31547
1169
29905
20602
1206
27915
21724
27438
28249
17446
20422
17667
8035
6832
8050
11102
32371
4187
10781
23448
17229
28269
578
4949
5595
23226
7610
31505
7794
14031
2088
7932
27479
32625
5268
27144
20354
16454
21078
22336
7841
28625
18742
19803
27232
18340
16593
22673
9448
27856
5951
13997
19621
31905
27378
26980
1357
20872
7137
17125
16926
5209
26598
8369
25959
28086
9829
18605
31049
27595
26415
7285
26047
28733
30886
5876
18396
14940
6433
18482
20052
24992
22418
17260
16190
21587
26470
13162
2840
11915
27564
2317
4364
32091
32122
30760
30833
16970
29068
13968
17301
19204
8495
12663
32698
12624
14941
11509
13918
5954
23338
488
960
29618
31839
28158
30367
749
28516
10768
7493
12201
29539
15026
25540
2111
9642
12040
10112
5140
20817
16859
9197
7512
25117
4331
7322
17140
32421
24199
26735
26301
3507
4444
16947
19438
10989
26251
592
31189
20149
2558
9691
14028
11597
2299
18127
12139
4415
21241
27033
7676
13564
15539
17370
1583
24515
14716
24680
22800
18884
16082
17558
5429
2950
1589
31413
14140
7302
8506
9690
3701
9505
5083
738
18907
10163
26897
31412
20809
17665
30117
10694
16106
8148
15682
227
3314
9191
11728
25387
19339
13315
9469
25947
29458
873
29724
4686
9860
7792
22067
22724
31283
26223
3151
1635
4798
1245
5147
29691
12351
6583
11441
18190
31174
10530
7600
27792
7431
3154
29839
12523
5711
27050
11313
6470
13501
30757
29369
25095
11950
4596
415
18070
23161
23145
15364
30308
24413
31507
1858
23341
29367
15403
4552
5242
30072
31790
31781
19561
1495
19148
6242
18864
22851
11009
13205
25312
29340
16514
7603
14055
2210
27738
25510
20185
12462
7381
28575
3312
8608
21661
942
3281
8984
11555
17040
22800
31977
22592
15048
6647
31434
25885
10225
8579
22607
19536
24146
30896
10520
1863
5299
20982
4425
14058
111
1300
25145
7548
30667
30732
28527
28610
3718
6511
12234
16744
24753
20442
32511
4256
32705
705
4937
13580
13795
8299
31579
13790
5007
17726
14490
19262
31584
26685
18825
3820
8227
12495
14468
8230
10542
22978
690
16076
28915
17807
27445
8642
4564
10208
3747
3222
13625
26703
19130
26722
22752
8817
20047
25588
32373
26387
25992
24365
31075
8899
22091
9639
20201
19859
24822
15514
23664
18457
14673
18433
14364
2490
3009
19192
32673
1065
25278
18281
2392
24618
134
231
11154
30620
275
26330
3628
12470
22603
27101
14947
7825
120
16484
23786
2790
27895
24226
28218
19738
5428
9642
13610
4727
11222
3540
22463
31677
22070
20578
28229
13273
30742
21603
19614
25588
26512
25304
30171
10415
7500
26134
28169
27821
13558
14443
24141
19539
20975
17924
16180
26315
15427
1550
32068
16463
18908
3868
19415
6564
26613
19145
6697
24804
22737
3230
24239
8065
31148
4150
11434
2439
9458
8863
18429
4641
1199
31492
11067
10591
26950
1673
13317
1846
30823
11127
27027
10185
18491
18329
4496
23782
15073
28134
1835
6356
11806
10079
2155
22092
21328
15163
28098
16837
17316
16962
32742
2037
9353
2423
24540
28052
28773
2041
13653
5219
14214
27691
5950
4461
27995
1043
25235
14476
5604
1280
29556
16688
26471
30320
29818
10332
13413
17456
14411
29681
12748
15301
20844
15151
28014
30987
23639
6265
2226
1564
12238
26712
2953
12915
26478
31171
25508
25938
31879
5022
25573
28512
24875
29568
22547
8087
20869
10681
209
8029
20332
30356
3025
23025
31800
3289
23621
29449
17621
23958
14230
4282
5142
20767
10841
31895
32587
4436
14719
24605
8469
18722
13259
8271
5753
32077
14218
7325
21044
25196
16510
21770
14926
21557
21019
15246
17394
20986
4598
13497
381
9332
26234
2970
22229
4288
28124
23775
18428
15527
24914
15677
5605
10274
14464
7955
7558
24605
8499
15178
11566
20092
8018
383
17433
19292
26898
21348
28738
21403
21352
3939
15992
2202
25284
11909
28852
23873
21500
31123
28330
5188
12678
6523
9374
29605
18667
1780
17529
20859
5240
7525
7452
24049
27959
21763
31732
20113
6430
26682
19662
20163
2437
26703
27629
22928
24030
1347
24154
24748
32416
3322
25724
25780
25732
26013
6888
25268
24564
1852
7546
15084
29888
14520
24741
29908
7700
5088
13575
1117
3751
5338
10561
29818
16692
14533
15877
6879
27950
28572
8305
14600
13232
25949
24219
11902
6323
26219
19053
8278
7299
25393
32435
14842
2420
22281
14962
27436
18896
5724
1659
18247
23061
18442
22849
27080
11101
3596
11496
1038
2590
8536
15262
30814
23827
25860
22062
9770
20602
13487
2258
19347
16768
29213
585
8236
32250
5665
28970
3329
11349
18624
19320
9688
28624
17555
13430
18358
7400
2413
29885
165
4628
8766
14475
9397
2227
567
2142
13377
29251
15663
12226
30579
13779
8006
1639
29450
25019
26568
20342
6747
9610
11092
8997
25238
10304
8509
5770
6987
3774
24624
5548
12333
18042
19991
9184
14357
26743
18238
30291
30026
18549
16564
7395
11007
1125
27125
11571
27677
10271
4549
9214
18243
14679
21087
28843
29707
16333
18639
24354
26000
7621
23453
21471
26157
19639
21675
3652
8327
21063
21088
25908
14797
375
21510
12765
24894
23580
25969
23765
30956
10383
11746
16745
15296
4004
26155
23346
1215
22240
31251
29161
7051
2790
22779
14203
10797
11827
14786
3168
16401
16395
21991
24105
1618
12211
24557
21593
2361
4065
14596
16246
15104
7793
10725
32352
5083
29785
8958
19937
29497
29151
18383
13956
9798
15114
18836
3243
14261
22614
21796
14044
27838
20395
6169
11868
4962
18832
8497
28159
1526
5789
8180
17214
2015
10542
18327
13706
24475
22367
22817
30688
20993
31028
6348
6302
25289
14103
12974
25493
32334
7304
21144
10847
28819
17168
29503
26354
19844
10614
10393
27766
11903
2870
27018
6740
26899
19503
7360
17808
8968
19612
27868
19544
26527
14661
10194
2013
8730
11255
11666
4193
8575
12337
12776
1937
2458
32
21920
23830
21825
3533
23279
16743
19932
11414
30990
15073
7204
28379
4904
4377
22058
3065
22134
625
11931
25212
937
30697
10563
27280
26504
11064
30929
11449
18138
29468
27098
4292
16774
10734
32544
6398
28921
25209
8979
23971
17864
24332
4760
23705
26774
32462
25866
29022
8761
5458
21886
2368
3864
24683
12620
26572
8663
4162
4043
3976
14647
5541
14171
8933
19767
10914
21417
20847
30592
18773
24878
9543
23295
1278
29177
17619
11988
31062
12207
31924
28779
17444
16080
9720
232
15627
26427
15505
12745
24486
9717
14854
1222
7127
3110
2153
8956
91
3940
8585
20299
29602
12084
11880
22525
28382
5070
15088
19368
28507
2593
20961
30037
4622
279
5390
25569
3440
27674
9673
164
32141
11991
29084
31057
13911
30274
14138
285
4161
8922
22452
11556
25353
10286
18416
28680
8917
1440
13912
30939
21378
15465
14543
31039
17977
26333
5865
5835
21827
21744
1115
2993
4638
20986
24496
15006
6608
30647
18750
14818
891
12946
9817
6609
7474
23331
25798
27241
27403
2294
4722
17461
7285
654
7524
22640
27596
28329
20465
19566
7211
10950
23855
25656
2434
27365
4524
16503
32488
1678
31839
13203
18226
5908
9182
29211
11204
19227
7122
8808
21927
4952
3752
3965
17628
3224
3978
818
20976
19204
18574
2962
28113
27299
22829
12161
5088
2336
30966
22178
8775
3278
12931
26743
3213
23785
19117
26314
7272
28447
10236
1868
13522
20046
20065
4221
19294
32400
17192
32203
3021
25205
27944
12030
23004
1423
17725
9939
9569
28724
27384
7399
17558
26751
29076
26327
18613
17560
31020
31910
197
12853
26668
7263
7859
5985
22790
20731
12964
28797
4134
24708
28810
20356
3623
25979
29685
24723
4679
6008
30253
6056
8472
1808
10877
27561
25465
20731
13521
17065
29125
3190
28292
29544
24394
30951
28019
24
6653
11968
342
28263
29291
22437
6992
24761
24563
12753
21444
21685
21811
25270
619
11012
14528
23779
7331
23637
22042
23851
19978
32677
23263
17156
32588
1469
13374
18477
16185
19964
24751
23444
16923
30806
2529
9078
27462
6301
31476
27336
5360
12031
18153
32214
2627
2513
13143
14890
26545
29835
15199
21935
21896
22547
16097
8470
20678
12350
12784
18809
30254
31380
24708
23870
923
595
6767
6207
917
11703
23443
15143
22306
12409
17489
29215
4574
18325
30277
3755
23630
25169
10544
6350
20594
23675
3125
31605
1177
11762
18249
20499
14457
13160
12517
3464
22655
29797
3069
7751
19300
2703
25142
8632
15873
3626
20052
23771
24932
11227
19185
7727
20259
18353
22901
6354
2032
20837
5442
31465
16494
11745
1839
17218
28740
23040
19768
6712
22383
10901
27252
12759
28124
19886
21319
28993
28982
28954
2520
28496
1277
12840
24261
125
6360
15026
10774
23553
2348
12122
4208
7226
11757
21268
10379
7759
19380
997
5350
1303
6930
29930
26042
25399
23077
18843
22316
20619
7272
30289
16326
28360
19663
2566
17192
8543
5652
17756
7419
31908
9547
8929
6183
12335
31421
13458
1606
28802
15603
31390
19288
9197
16913
5996
20920
22191
17254
1246
31311
14942
28480
11992
23815
13449
19717
5884
28034
16539
10111
26040
22541
10498
29048
3203
10959
23441
22663
23907
8006
23843
31273
15283
6133
8322
28435
18979
9814
17543
8391
14848
11542
32130
7526
8118
29313
11739
24005
28819
14140
29178
12738
3533
9522
9061
18137
199
10960
5928
31986
19600
5749
7034
32125
30892
1572
30877
18625
14616
32637
30982
11633
22408
17387
15550
24193
16883
13598
23560
6967
25169
23996
7492
7557
9124
29267
16915
17046
18485
24211
12220
8615
29984
12986
30415
1304
5906
1359
32264
31171
1106
7443
21621
26764
32766
30517
28379
28217
664
32197
21591
25989
27585
619
32321
22383
323
20825
28501
17880
24405
28798
17941
1101
15899
24316
20073
4898
12397
26845
22153
12480
16345
25345
19228
5439
2539
25435
24226
3128
17067
18782
16399
24788
16488
10929
9400
20521
29876
30762
10611
30151
30384
28410
20218
26253
650
10789
5521
28098
4675
26678
31721
8289
29622
22832
25923
15027
32726
2247
10968
31779
22327
14544
23673
30031
18384
16375
29811
31835
16383
16560
693
15242
29389
19568
4917
3599
4468
18204
21391
7968
15902
7874
15343
32589
7152
11143
16178
9232
8263
19424
17992
1445
2369
4357
31453
20251
7552
4003
9528
21676
6442
10449
8547
17482
27700
24390
12172
17530
11745
3273
9131
30053
27013
3048
14437
2092
10383
10733
2352
24701
24006
29966
30649
29796
5587
15076
131
24163
4352
19231
17104
21956
10815
21111
16324
302
12142
25062
5320
22391
3801
30228
13613
697
32257
4883
26385
31144
32156
18508
1927
17186
24284
12473
23026
6152
11764
17237
26290
22349
9689
2001
11523
76
4421
905
11297
10079
15618
29366
1969
6317
24421
8677
19292
7491
6425
31656
4541
5735
29469
7819
4733
25384
32272
3913
23484
17466
30381
23360
15027
12801
5010
16163
6040
22764
24645
9711
18626
12292
18808
5152
8462
24005
16012
21284
15745
24364
3157
28944
22063
9489
21789
26770
5723
7095
18923
1318
16351
20642
2309
22413
7631
10920
17843
20092
2649
26699
7494
18321
3055
22598
15705
11402
19881
102
16215
28857
30436
9883
23869
691
9776
28751
25505
1609
4969
3062
1268
27321
7459
6375
29188
12581
17739
16746
23492
30531
24844
15122
16976
6743
32752
8525
13612
1630
20040
24121
26828
1420
30413
5561
17754
9209
18311
18121
21171
31640
7662
5902
9651
31848
24144
31921
12978
1262
31346
14958
10574
24290
19322
25064
15723
29737
17164
20544
377
20483
14260
22757
13814
16518
20612
4782
12851
11339
21502
31526
19034
28775
24116
25639
22192
23196
16941
24490
16408
5073
6795
7645
13785
3776
19819
29046
28832
20207
1933
28231
9929
7137
29365
22035
5594
29837
11088
18337
17744
22287
14683
25614
26271
12446
4225
24167
30324
2494
23427
10616
829
17078
5853
14302
15595
29765
16039
612
12790
18577
5049
18572
23970
24672
15378
16235
27522
6282
17019
8890
21562
17327
14695
23595
14216
11301
1310
13561
6022
29236
4378
17859
22825
6790
29873
6298
11790
24793
19189
12633
19318
8951
16857
28724
4751
30696
9365
660
3573
18278
25931
22051
26744
30097
27114
16930
16672
30436
8275
23299
110
24680
7610
9268
4837
18471
19791
5177
11465
2532
29214
7933
31527
17417
52
14954
26133
8417
4356
4407
18491
16391
30473
22529
16274
21535
13484
30878
31596
18627
23143
1966
11189
1216
4139
14450
30072
7299
19967
17122
4260
2254
2027
28665
29457
13744
20756
16468
11454
32179
14888
24827
22877
25943
28412
25215
19217
10943
22388
26181
21110
32171
16292
13857
18402
29606
19252
31270
14826
3201
14345
189
25896
23295
13345
19701
22844
9682
19135
24346
28433
5318
11465
27529
29794
15933
22638
29634
12412
10459
25611
30143
9797
5506
28752
9605
14205
9601
1439
25848
3396
12552
24756
28147
27100
25056
29323
25240
18353
26200
6014
14309
27030
20611
18863
11912
16466
30112
21157
19957
18779
25050
16442
5557
19169
13362
8372
22785
4366
30393
18994
30863
4237
18178
12618
28332
4681
25303
4848
24971
19575
27947
30105
12253
3286
32592
17825
11169
22581
23146
4330
30526
9015
19748
9671
14543
2131
8609
6424
6078
7966
10166
30646
14484
22733
12118
10001
11023
1525
1869
14615
32374
27030
21553
14168
28713
32088
21398
10600
26748
19220
24450
23173
14789
32662
17953
8826
21940
6818
18873
13763
27875
24628
23775
16626
11438
28428
28396
21330
3909
8298
23723
23753
29183
5399
22868
17155
26098
5028
25534
20940
28352
7158
7120
2750
9139
21507
3129
6173
26381
12758
15456
26367
10137
1753
7838
11440
24710
20563
11948
23380
19317
28976
21591
18894
30929
14593
24187
4833
16991
23619
10798
28565
19478
16868
19004
4317
1840
18947
17108
15478
27521
29176
11648
12562
23304
31124
22874
5558
25540
28073
15230
30817
21448
15309
17339
8174
21394
13148
27022
13627
31385
6076
1360
1931
4645
10213
18862
28713
31331
16160
29018
6479
26041
29454
29952
11333
24151
21229
23932
10957
18959
11287
1610
30655
24678
30667
25661
21233
18155
22064
9332
19545
18375
14999
14219
29302
22166
11521
7438
16363
22389
17633
819
3182
23644
16675
3784
1248
19631
24940
24426
28349
11023
25764
9208
15031
28022
20658
21319
10910
7043
26502
23831
3715
10002
27997
26438
23837
13072
9280
27460
11116
15502
8398
18375
18331
23059
23612
6848
31531
1335
10138
30605
14414
8813
25688
19824
13969
15137
9736
4672
17086
7683
8549
1374
17921
22946
3221
7915
18505
17724
21675
32568
29169
3028
19568
29310
20640
28038
14435
23760
25454
11032
23550
8781
12872
20433
27707
24474
29845
19854
2903
1680
2841
7954
12758
13105
20762
25758
10439
19681
2242
11969
31049
18387
26309
27506
30030
6849
324
10588
15775
15584
9712
9593
26913
16403
23410
22242
12630
23390
4619
27878
18470
31134
18295
29529
15072
8312
8728
4398
1660
17296
18256
5449
16675
22523
28975
17806
31985
15350
1870
9278
18425
18136
16122
8067
28041
5445
1685
24393
23728
26021
16442
9552
22526
6356
4000
29567
21131
11035
16193
27772
7738
14688
187
8825
20287
26265
3190
18513
30943
13703
25735
30931
10103
10912
16084
2141
15296
19021
23161
5294
2897
18261
17515
18165
27238
30105
20315
31789
735
21763
17118
18349
7308
18617
1482
1019
15015
20118
18403
26082
12962
19162
28343
17860
8228
15392
18886
4913
23118
27537
20966
9911
20034
27992
30694
26108
25318
1365
18034
28171
18917
17430
23350
14316
25079
28675
31559
27511
3683
3800
18110
21609
10178
9049
20390
11704
27141
29505
6168
14116
953
27003
15268
18703
10890
26772
18419
23182
22790
8561
2219
11712
6564
16957
19091
5727
773
4518
23032
3732
18809
19017
16463
3600
2501
19050
1307
22360
12580
27625
30225
12128
9867
6257
14970
13148
6449
28147
13786
16595
6223
1875
32207
9205
22564
15713
26427
46
18493
29706
28325
9979
24307
18384
32733
20733
15925
12151
24799
27980
5512
26113
17402
31501
25931
12509
17714
8519
1856
22108
22242
30962
8264
22628
24998
15697
24430
18280
7031
22146
11815
16791
23064
29268
13784
29268
25778
8024
24217
9703
2235
7739
11065
17778
30235
23890
5762
20262
9874
21111
21950
7862
21588
10004
9338
6668
17399
27261
32137
5692
25999
16003
25932
2230
4376
12870
10545
22719
25108
16202
14458
25890
30324
7373
31296
4642
5308
23896
17591
29620
32099
2709
22963
26603
27512
13152
3179
13748
2188
8224
29821
963
22475
8536
21043
15309
23660
11385
2053
11768
32588
15099
19807
2192
30677
8107
32420
30715
15397
17991
11890
751
15468
4424
23592
30434
28054
18943
29605
30914
26411
22243
31315
3559
6259
11306
3429
12614
22749
10902
5468
18663
22433
24722
21200
3993
11941
24957
10349
18148
7326
10054
17980
17727
10871
12857
6691
13443
16374
23320
10672
5280
27549
2926
14610
22158
25038
20512
25448
9095
30515
31301
2111
9332
6749
16951
12885
23973
4267
8426
23459
29380
31342
21373
12955
26380
25162
15631
17583
11702
23520
6868
12818
7860
30121
15976
20162
9122
549
16995
21702
12538
31798
27949
2996
24455
2758
13844
2423
14876
26544
8347
28751
4997
11742
25109
19993
30910
21167
1395
209
4963
20123
347
17493
4200
14617
29818
19820
24330
23488
31770
5638
23557
173
22775
16070
15624
38
22094
10685
20582
20860
10040
12921
25870
9014
11830
10046
28349
15979
25357
26515
14962
14704
19156
19456
18211
15796
13899
15127
5806
25831
14958
4017
2834
29026
5962
13434
9183
26051
272
6320
12267
16343
32616
25127
18247
23230
22279
145
8561
15433
12676
1532
7115
20903
30567
26780
1100
24385
4228
4555
31862
10210
32391
24142
2184
3867
1487
29658
7924
15078
22656
4054
19475
30857
30675
13155
15896
26813
16305
20634
19779
14096
20609
23828
21591
24712
19262
28080
27981
19849
5068
16272
26186
17144
3468
21093
719
28321
1582
30701
23855
4822
17094
31930
31815
5465
25378
20020
29033
30077
3931
16865
4761
28039
9131
25060
9468
17242
20094
25284
2957
3156
21708
9839
19986
26739
28837
28799
3151
30908
32270
12219
12665
5341
27147
225
31725
1041
6141
20131
11554
15684
12590
13039
30172
29304
4779
32115
29347
27495
19794
865
19572
29545
27691
7279
20918
24217
29948
28963
7023
27187
22295
32333
4792
31809
15479
29141
27247
1655
28939
17590
24875
4187
21586
13899
24437
11433
2344
3274
17973
24053
22496
16142
362
11922
30354
27545
13086
32691
11190
16601
2714
21456
32498
15018
7126
6219
27697
22813
19251
12884
19701
13431
8556
21258
27630
4733
7114
22242
30411
24815
19608
13389
16976
14675
24535
15765
5289
20979
22579
14856
27134
41
6197
6745
26439
12250
3001
19523
28514
29761
1443
29039
3682
5614
9678
32152
12075
16910
23365
32749
20284
16108
22198
7095
9419
18872
291
29755
27415
392
19163
4066
18682
924
26281
30359
1469
7398
17739
3953
49
13513
25893
402
7163
21794
18999
7247
6448
29573
12877
2705
2594
24521
22901
21882
23417
31686
25270
31308
8837
8285
14591
6023
9682
21433
31838
30034
21501
13525
20338
27932
7367
16446
6435
29827
24680
21019
3728
20341
26918
2410
6473
11669
8997
28812
28095
14048
1665
3844
26105
19344
26522
18556
29832
31552
8623
11528
17340
30546
20399
7855
21784
1166
1867
28712
13572
12299
19024
24801
5826
19283
8756
6726
27811
29634
6638
4671
20603
10543
2571
30458
20562
14287
27391
2028
29532
31061
8633
18
2860
12638
31354
30077
9508
2317
17894
21005
12336
28146
19548
18813
10932
22577
2947
28831
27842
15328
29221
23017
25233
10672
3649
23345
19242
25296
24923
24757
20325
25614
20247
29022
1300
11328
23046
18502
12926
16866
8896
10103
26127
15360
23859
18422
13901
21079
12346
2816
15886
14519
13170
20627
10472
18859
32585
5936
25578
17500
855
18656
18057
8627
5874
22901
18397
17598
30716
6674
5134
2645
11264
26093
5641
31741
30589
3156
18807
10764
24450
7150
26863
28942
27003
29508
19562
11880
3403
14975
3064
10299
3483
10867
15026
11403
10865
17629
19952
11169
25092
25065
1212
20909
13263
14072
25478
25520
6628
15007
6169
25497
11395
2547
22989
16302
9195
13060
6654
4398
11376
2215
6334
11829
16590
25465
12743
4831
32445
29728
30131
26032
10693
2772
25456
6964
20564
30751
21998
31970
18190
27360
31258
5958
28260
28566
24848
21344
30312
29915
652
16199
5343
31023
17314
18961
24984
17911
21936
30455
19709
23493
400
19381
25832
29658
13074
32304
23480
15082
22697
9563
1443
10527
27492
29019
16462
7008
13088
12010
30874
4562
6909
6649
17089
14239
10766
17305
14499
6135
29781
3867
4698
9301
6126
2678
11540
28676
6794
9706
29730
17633
15135
3811
24652
30050
3038
12832
360
4055
26726
10516
17963
22256
7223
5773
30270
9088
19817
13971
4756
4992
32670
9619
4092
10839
17205
8893
8178
18009
25792
20906
31675
3981
12472
16194
26033
17331
8048
11741
21723
901
32072
27816
32448
1342
25379
15947
13181
20569
4891
4808
16406
26267
3443
6310
19210
32339
29132
26960
24362
12769
156
21688
6314
18549
20701
4159
10361
31769
3586
19673
8654
24818
21039
30828
17924
20930
28841
11898
17063
1458
17548
7168
5583
13135
22460
23198
3244
25810
30237
1783
4195
24996
263
5723
13592
20769
5876
12196
16204
31389
25468
2909
4970
18084
11140
7978
17308
25990
27058
6243
12259
16147
3876
27139
27751
4004
15457
29121
25100
22107
1679
30844
23877
30891
7399
4572
32557
16154
25191
7991
17620
3909
20422
31153
6358
1829
12717
1960
9011
23954
5924
16719
19290
11269
1099
26776
8327
1442
15690
30808
7247
32630
15754
3750
29562
3581
12070
22147
26896
23527
30364
13505
22454
32283
9929
15389
25915
10493
28948
11439
5231
19180
26089
644
10548
12303
6505
22409
4823
4946
95
7338
20640
16555
6518
28220
1191
11426
13994
1944
10474
9488
31485
6665
6813
32551
24683
2793
28609
26290
23071
23814
19192
12958
26343
18763
8600
25274
10214
19100
10238
10939
20361
8449
22565
11907
31932
4103
18039
21411
22109
23651
14562
19486
31472
19673
13359
15984
6293
12892
29583
11982
16696
15223
32375
3504
20232
5867
20654
3981
27946
10650
18597
12773
6318
23459
20486
4485
11714
16591
29327
30215
21797
8236
22305
13976
26079
7927
20244
23550
3888
4799
28622
9177
24262
16072
27284
18728
30514
174
5791
13840
2717
12362
24947
729
28087
14041
6508
26170
22257
8539
18074
31446
7660
12858
1487
32262
3889
13868
6645
27609
10274
8282
10149
7257
20273
12738
20214
17936
23631
12250
6035
2507
1447
28278
25361
27550
1165
12523
22911
23848
1713
9845
1086
15640
16281
1494
2835
28656
11854
3136
18298
30218
27477
25461
8765
8920
4832
13101
28486
22895
8006
25016
15281
29255
18353
18404
16934
11836
14102
23585
31078
23257
12139
6371
28963
3030
27924
8776
28949
3551
24222
28411
3658
30360
1199
30808
10942
30173
3645
13777
4907
19534
1279
26512
12066
2827
7713
29789
30555
188
828
24259
9802
30677
10117
5486
22258
10776
32069
8920
1534
3419
8073
37
10510
23947
17434
3915
20559
2033
2479
117
1614
23476
30306
9898
25102
9119
14945
32681
32600
3365
2790
29464
20818
162
10601
3294
851
20196
27412
14030
23542
22506
21623
13701
22125
3819
7549
27797
26136
32667
12702
11747
6230
14505
87
6221
2204
16268
12759
18832
23236
29055
5116
26473
12199
30154
21373
17403
18413
9540
21865
8561
18724
2838
17616
22756
22800
25281
10431
26751
834
14179
5746
11489
7404
2102
21446
18882
6900
5721
32237
1498
3655
16339
2149
7678
14960
3029
10283
21389
31337
19519
32556
14858
26545
30822
7164
2058
30622
9492
8650
28497
757
15825
11412
16440
27576
25441
17815
23634
21823
5006
31754
15438
8842
32296
30219
3359
11990
11081
3546
10331
29806
22237
20293
27617
5572
9570
26979
13503
31936
5613
26757
339
1112
21870
19562
32432
24673
22324
20146
1346
14245
22196
28053
18614
9269
9862
3797
16148
3585
28848
20209
814
5029
19495
20636
13886
30086
19347
8301
9419
14110
26963
216
13004
27284
29889
12893
21264
23184
25783
3071
3549
1613
13138
30712
23256
9200
9973
10411
21028
7448
11409
6618
30926
14774
10020
12825
11369
27935
22656
6275
29173
31071
18254
4779
11270
23760
18002
32470
31778
15852
241
15975
21354
18784
12528
9370
30332
13921
24958
15733
30873
25923
25461
252
29187
19528
22237
18085
30121
9910
28082
3339
2566
6700
19430
27110
10567
17973
10410
13883
3244
29214
5354
19152
18224
19717
2838
24803
29548
29747
11304
27419
30905
13228
19939
31423
11157
13571
15960
1318
19784
4211
24751
7535
11975
29740
1828
30322
31448
21995
11856
16629
27511
25293
32170
14884
28280
8549
12621
32315
32111
31244
20732
29574
11469
6520
22627
24971
13899
24977
13471
2182
652
23679
15105
19733
30205
26120
32015
19509
1281
32537
7628
27501
21323
32674
3130
14665
25226
6823
18204
12810
5196
26773
3584
15516
796
27602
9085
29640
30446
17303
1210
4011
30910
258
14895
871
18803
21095
9648
8984
16393
30952
29095
26122
21231
15429
1441
6441
20654
20725
9228
5560
3020
25717
5438
20550
32240
17376
954
21470
9798
20672
28079
32127
10021
14371
20418
3019
26352
8178
27917
22275
14394
15999
22632
17715
19757
4189
8935
20138
31276
8308
21412
9901
2999
5716
3262
23661
13199
32458
417
2102
20763
689
8840
22760
6411
11
8513
5547
24635
14673
13104
26591
3546
3847
13463
338
30923
30610
4373
29366
13387
10574
5484
18002
4053
10972
3719
13047
20034
15801
22971
31542
22581
22293
19021
19664
28086
6882
2100
13422
6941
3371
19489
31122
30002
28071
7357
30414
24722
29070
28977
16948
26709
20395
23788
14861
26605
21171
10400
18894
3153
26069
31886
31559
28764
20370
4
10270
22639
3791
4644
24444
20830
3624
32742
21510
13962
8584
23393
26127
25418
502
22598
7691
5008
15282
20909
11079
14281
17025
23828
15064
16388
8261
3748
15058
8791
29136
21175
23994
8318
9722
152
29245
4294
13041
2697
25377
11818
13777
28427
29565
13243
12405
20313
2853
18245
22924
20278
10089
30511
13039
8680
17407
20387
23090
26757
20541
19183
18296
17773
1163
8491
28300
18712
11289
15132
30254
7186
14029
19545
31147
2627
10112
22700
2225
21364
12905
10427
22880
25871
8153
29160
24740
24870
18217
13685
17603
5815
13809
6892
24114
20271
22395
18878
15021
5420
12408
1578
22150
22663
753
5472
62
5010
28288
11495
6738
21918
24767
28988
12119
22209
27137
18364
3145
30934
19008
32707
21793
22980
19031
5910
18341
23300
13681
7550
8324
16989
1730
31670
22178
22514
8053
8583
8369
9599
6373
24370
30977
15072
1807
28174
5017
7123
16200
27762
31366
15102
30507
20693
17523
9780
20438
6196
6522
18420
8534
13237
31290
25138
6751
31113
32042
9818
2112
7446
30252
3731
23319
29270
15462
23617
14913
122
589
24525
15637
10196
29698
28072
7122
24307
4066
9357
27861
19216
27993
26887
16912
14249
26102
14900
15031
12651
21701
17352
23868
18517
24537
20820
19838
15643
40
1737
13118
7624
15260
568
25810
5544
17766
19163
10781
29797
30870
12633
11198
12400
24808
1350
25224
26786
17889
17385
6962
10532
27675
9283
25168
30604
222
9292
27778
27208
25583
31616
20204
20288
17325
5786
7142
9655
16217
160
14324
28530
950
23839
31480
7453
5586
22456
29094
6634
16419
11483
21305
14971
21973
12243
32612
4866
16483
29187
6284
30887
2917
28527
3636
12842
25257
25726
11193
7113
13956
12542
32575
16996
31338
27752
11499
14815
12733
3941
595
13000
16099
22162
24114
4921
10395
17024
16481
5888
18833
22784
5634
15102
7728
2973
5630
30669
9399
26473
16819
4006
911
29181
24038
29569
27100
22459
30719
893
24146
20310
19317
11907
28745
22165
7047
13606
32532
11347
21805
5070
2959
11211
3406
22550
18424
27922
12083
25970
23040
20197
28476
27925
801
19877
21969
7442
9009
19360
30364
19137
18744
11922
10229
7268
18047
30316
20126
30218
30697
12627
4529
11700
14726
28908
2774
19127
14438
9431
18105
21601
5803
32377
10684
29663
5602
16895
3305
27998
15252
10399
10026
13425
9239
14369
5820
8115
30634
13215
7905
32685
13762
2441
28117
7418
19102
25323
32516
25000
8993
14323
28026
12770
13025
3502
19099
14284
8316
16658
19732
9903
3115
833
27665
14678
9369
27404
15025
28600
32245
16310
6070
20439
24389
24827
1410
11751
31230
28753
15935
16307
16338
8046
22621
32573
19146
18442
3905
8356
2964
12518
1083
8011
12830
9229
3001
9784
1124
14938
23227
22458
6022
58
10375
14415
7965
22451
6302
16580
18127
15270
238
23454
18977
18513
24649
20921
16013
11543
6422
27183
17365
27524
17479
16763
3734
1932
12427
7135
288
3347
25028
14083
18053
3763
9403
24286
9200
441
2834
18905
29752
7024
25467
50
437
5027
552
21151
12883
28765
28035
9269
14820
16115
17182
2951
18107
24132
26861
3858
23670
15936
24243
217
20763
14503
17338
15692
8295
26387
25799
20846
2402
6713
26189
19511
10807
22124
24289
16183
3651
31075
30190
12925
25196
27963
23210
4023
17332
3263
10056
18587
23565
7400
1136
15493
16752
32672
8428
8545
19241
971
20900
29643
20853
30344
28108
12917
2894
22964
15196
26825
32390
25521
32704
19664
13843
11365
2257
29779
12970
11141
16901
25920
18831
27667
10722
1358
26027
6437
15289
11492
24287
18409
8592
24888
23448
8934
16992
31156
28835
23172
129
13469
29507
32463
15458
32502
12673
9848
28541
29602
1220
1820
29578
21962
29345
25289
18931
2686
20468
28351
30601
21919
6704
6003
18549
24060
31475
17882
4209
15547
10718
2531
15160
7163
8355
20038
16698
10423
21855
31100
21653
23533
28459
8206
23105
24320
10477
11283
906
3932
22133
7668
7108
25944
16325
19059
24122
16992
18095
14828
26727
27219
2726
3290
7273
11306
32462
2460
1970
32219
9813
14202
8705
3964
27398
10979
30864
6572
16923
26360
6543
27439
4947
30799
21458
31192
5701
11504
7879
31404
6644
3492
16042
17732
27299
31856
30972
1651
18923
7260
27953
1577
11530
26232
26025
1175
13694
4129
13537
29332
6099
9857
29419
2368
25785
853
12059
1255
26713
32499
27140
1832
5097
907
27554
25686
9598
26029
18905
24606
546
9739
13086
7530
30247
129
20853
17798
20411
27730
22939
10881
1980
29109
6788
26839
27853
30864
8456
19532
1193
29827
17369
31771
6071
4648
11192
12880
6879
18841
11240
627
27549
31283
32483
29542
4691
29594
15181
28816
32484
4093
5414
22076
29566
17308
16195
7483
4535
17799
255
27089
15836
13736
21550
463
19589
25603
8018
28156
11885
7485
24594
19129
3713
8283
23015
3045
5687
8653
7449
14335
19489
32683
31210
24202
16578
2878
13328
19894
32160
3010
2665
19260
27290
24170
26347
21642
7548
22437
19162
10784
18385
18848
19261
10810
14073
21516
12690
16047
6779
24865
5313
25113
1180
29667
32335
54
22832
11172
28628
13710
7856
8394
23727
12886
25997
32466
27640
17557
14788
32661
5814
19845
21171
11210
30290
9788
29994
1229
22348
14219
15302
31647
25645
18727
14714
22829
31933
19462
10863
31701
3445
9228
9998
3622
31543
13543
3419
6887
30525
13880
5252
8795
20304
4851
16057
5316
3642
22536
7487
22054
125
30275
6848
12109
28997
23408
16358
20497
13212
9924
9768
18137
19421
31864
3299
4446
19819
15543
17580
10930
16546
8634
25829
14976
9486
2354
32654
18837
25563
27878
18270
8095
18061
20125
23570
11829
17906
6974
12550
11544
17748
18742
16898
19385
3570
13850
2646
7163
7858
1933
29225
6713
9232
4965
9742
30347
11354
4873
3288
837
27679
9757
20400
27841
9957
26722
10340
7775
4122
7895
27138
30921
14413
16421
30630
15740
23198
23609
7568
21380
7795
10035
121
18822
8557
11135
5927
14596
23963
26433
25152
28381
16365
22775
22108
32019
747
16218
11357
6609
8614
4228
3075
28589
30447
27736
17595
17194
23752
3615
2232
4481
24600
367
24133
3233
23715
7761
15194
6260
5432
4258
32621
11620
7212
28346
16266
17438
8200
9036
6310
11925
28799
11917
31793
586
20387
665
10986
30668
25432
32530
20983
25466
23304
20490
32309
11152
7576
13347
22989
24418
5019
28148
26632
21474
25030
25775
13156
26984
10148
14337
8679
24243
5771
19258
25523
21803
29903
2990
12251
27240
24885
30299
17269
2808
27307
8396
22256
25181
20534
18749
32168
3158
32043
12799
9144
27488
5538
19486
7695
18555
10024
30018
199
8241
20916
19667
12210
16597
31965
25696
23861
7689
27977
20290
27481
32130
20073
21884
25375
24848
1123
19942
30228
20952
23120
25483
15910
28900
24744
19023
12214
28895
4090
9941
29166
23833
993
11679
4437
20946
25139
15735
16544
2484
17019
30990
7116
25761
10666
