10000
9188
8553
19375
28169
18023
22073
5745
6002
23903
18169
21881
4032
6281
23679
9754
14212
27778
13829
29555
13050
31719
32197
18600
827
7099
27590
6259
16307
30473
27381
7644
982
5578
5239
14916
25871
19208
30014
29864
1273
20036
20954
32292
5074
1046
23698
24502
22317
14867
4532
13637
2278
23027
11817
6626
8795
22516
29772
10573
26585
24697
13053
15035
18517
2295
17136
14550
25949
2065
28235
15110
22350
14594
30321
17391
454
28220
11288
18747
3164
22350
19874
26777
21391
32267
8106
28165
26109
7913
29661
3915
25046
24743
4619
198
18063
12083
14205
18286
3803
15818
8330
27666
9943
29793
20581
29665
4740
19524
2873
16943
22651
24573
13944
18294
1244
12919
4976
8603
22664
29027
2079
4467
30864
14043
27208
27014
12781
3653
198
23059
9585
16507
12065
15956
28669
11049
32607
20226
8949
10102
32284
24092
8433
17382
7389
32741
12981
21886
3746
17708
26724
9258
21178
27343
6896
13917
25051
8834
8661
32759
12658
22733
4359
30827
312
7252
4904
23585
9990
2651
13311
7449
19690
25737
12070
18130
21882
13292
5890
22890
23144
7486
26616
24582
31063
19047
23518
18036
25325
3394
4528
12815
24618
8100
23941
25059
16888
9371
21697
23058
28419
20211
27275
24183
970
20735
12418
136
14583
31126
4011
17537
1003
8795
3502
8639
9630
21313
29251
25193
7078
16207
24807
9814
10133
32417
15059
3371
24712
10672
23854
19396
765
14803
3970
12502
29413
21253
13933
23762
9211
23272
7833
12556
23635
266
29677
14876
1334
7271
14597
6532
32301
560
21216
12948
9820
14795
31961
7819
4113
12827
14553
11263
4765
23553
4042
28031
11875
20003
13903
7030
30510
21996
27058
19794
30920
6612
6430
19942
18888
12513
12046
3853
16555
21357
3845
145
32550
2347
7040
20043
18363
30821
22568
18827
20875
14983
31821
442
3691
23009
2448
20541
5945
23721
15071
23453
12913
319
24487
21989
10491
4021
30532
31308
23879
25743
8381
3604
22684
6343
12974
26802
17069
27413
3973
18223
30574
20077
2545
28366
12069
16840
28056
25327
27844
21799
9
12851
9846
32725
3569
7905
23672
11245
22673
9865
4650
6941
30575
11495
23910
2217
588
19977
16
11443
5975
7092
16366
1209
4512
18949
28858
1375
975
3924
25718
6511
19222
15197
13824
4638
20068
18850
8678
27793
15836
29451
24955
4255
26245
720
15403
27865
28227
29336
17163
5063
3078
4579
27316
15989
4161
15525
30546
22574
20894
25907
28408
30600
20976
30051
1591
26785
12136
19183
15086
11431
13837
21275
4451
4766
9574
2456
10131
19805
32377
24231
4807
10970
28154
18562
15208
20648
9916
1015
11028
8638
16491
18518
241
12666
28285
29325
66
26598
9062
27538
27960
15161
29707
19969
11274
8865
20346
3847
22088
9791
24280
11902
14956
12403
8602
12889
31154
1115
6649
28995
14377
32150
7583
28803
4874
32078
7847
22819
20809
10357
196
18513
619
23374
20160
32517
32663
30256
25641
13540
751
26503
24391
4709
18721
5915
28496
5682
28984
5781
21215
27089
3769
15167
6819
27011
8683
1291
1108
25452
27254
30423
492
20981
18479
17391
16659
5487
7731
30419
18139
28921
27699
30011
29613
20131
4622
1369
900
3795
29093
14430
24152
26344
25323
24127
19678
4894
11835
26297
25966
24497
239
21395
17732
19782
4142
8227
27116
21638
24069
16915
16120
3340
21689
10085
13300
15233
11356
21941
28316
2821
20127
3774
27980
30161
11495
7712
11703
8475
15523
13409
11228
12346
3548
29489
19766
21259
12301
3826
3123
5011
22838
10615
30696
9958
812
18956
23555
17735
29491
5815
9473
19856
24526
12990
21665
14293
10454
26217
6808
6980
21962
29705
25990
19279
20070
15929
41
20494
375
9060
3792
15838
28141
12936
275
12367
16946
7481
19394
27709
1466
2792
32539
27964
220
12645
3392
25146
22240
22179
21736
23903
1625
8124
17492
15160
17333
20788
10373
1301
25106
25730
31916
21167
15955
5836
19938
28430
24691
21747
1817
17578
18202
10447
14674
21713
4462
3004
13329
15944
31532
16981
526
5941
24311
9599
7726
7740
13040
31914
29873
1769
13190
19795
1197
25934
12432
17357
13755
31981
12441
6466
13808
30424
24186
6901
29711
17174
29999
14025
2556
10569
7651
12551
11124
19598
29773
26460
27900
9893
9535
17697
30487
15954
23420
19679
31164
7426
28363
23315
29703
18354
2377
1582
9263
16141
14083
16352
13240
19156
5060
7062
29674
5251
2860
24130
16001
21810
24322
15194
20134
6841
26571
25379
9758
26647
17308
17967
21186
13589
26412
12836
10287
4390
17709
11200
16830
28050
32733
10778
24759
21203
22744
5931
31425
1343
21296
14732
3229
23784
15295
27521
1300
21697
3004
17207
23598
5378
22925
4170
10917
31949
19420
21130
21913
28433
17133
3583
8837
26287
11311
8235
18290
5595
13329
31374
19307
5317
18966
26224
19248
25465
11052
13786
30255
17156
26170
1510
22447
10713
3832
30264
16463
22387
4867
31181
25519
19259
25905
9460
32365
8875
29473
7321
6227
8884
6423
2761
14030
28765
2055
15475
5026
15534
20976
19564
11229
26572
4204
32694
15113
24421
22916
14082
30374
15438
30408
6515
7640
25451
4768
23717
12636
11728
20445
19950
26560
23589
32659
228
12756
22863
26923
18207
25436
4173
22708
21824
21511
22879
26490
14641
3237
17006
13018
1455
21652
13992
30036
22278
13179
18795
13794
5404
15163
10340
392
5809
11811
30968
25389
2533
21860
9442
3497
17915
7108
23070
27679
27228
16534
16902
3213
28383
14057
13244
6305
2375
1280
26055
20687
3086
14338
25345
15776
8801
16371
18096
2893
3435
18403
1011
17292
18134
24165
15456
22954
11407
579
27115
15578
6602
26480
24585
25805
4423
2110
26646
3202
23763
22225
31988
3936
17937
8916
27126
7298
19578
1898
20732
13394
31907
30056
23519
9305
19646
11713
7439
30037
8804
16450
25466
32652
26002
25215
1456
6497
17649
13069
26693
5157
3930
15601
17271
31535
18073
20313
27665
18735
20337
32138
9104
1983
25313
23322
13187
3387
9382
18527
22584
19667
769
25383
16020
27870
17338
28585
6467
6001
25189
19900
4370
14641
9188
20039
5272
8805
813
31993
19228
15952
23374
12858
11955
21693
29358
353
4521
2523
19349
22311
4898
4171
24046
23643
18177
16760
7756
28888
5385
4135
30252
21173
4930
2383
4474
17851
24479
22314
9558
20252
15581
31372
5143
22881
30382
11892
4752
21669
20759
10720
12947
9985
1815
13286
30388
327
7305
15873
21327
27635
1867
30889
16589
8286
29600
5670
17186
565
10195
12197
2714
19754
19230
140
4566
19177
5065
27659
23825
9550
8342
243
16041
10453
349
28620
17626
2898
13044
10018
13516
2786
4689
2591
14032
31009
2803
30047
6118
1693
1150
1535
17540
25227
21413
22263
24722
697
12876
10410
8377
10180
750
9916
18653
29067
25405
16420
29672
6115
21001
17794
2250
7053
27747
16818
190
869
1538
16545
25294
31195
8422
30815
6297
24231
2106
2166
84
8377
4735
17275
24591
29807
20199
14050
7737
14859
8703
25878
25447
10340
5521
26058
2385
4060
24521
24713
31517
18833
26006
5525
27361
9944
15443
26862
99
29927
28327
9137
25891
26833
2218
24483
20891
1976
12105
20750
32709
24381
18155
25292
9950
8764
27989
22689
25706
32183
19146
27598
13944
14863
32375
5602
27431
31866
10767
32212
10601
15537
24755
15183
30471
17129
32020
25677
24549
16901
8923
6375
8840
25098
28489
363
1493
20179
7450
29360
15387
7942
8112
11430
30548
10054
31085
26417
4776
3498
20833
8504
30003
12654
3109
26105
4616
15081
27654
31903
10614
26559
31846
13846
12170
26456
19552
19742
31700
23441
15531
3230
9838
20913
25793
12347
13883
18334
21312
13098
1133
4433
11664
322
31050
12935
29382
15958
1583
185
26056
6081
213
8527
25266
21570
17363
14353
9081
5643
14436
23006
14287
788
11627
6048
13382
18357
8116
13695
23735
10100
22397
25173
19941
4124
32565
866
27230
25359
6019
26690
3746
26844
27786
31515
20615
8980
28780
16667
19932
28762
7948
16162
20045
14010
20249
5819
15494
2108
5192
28497
15004
30136
5856
32672
21928
1003
1148
19305
7349
30411
32268
26986
7900
26392
10014
25997
5293
22068
14940
4960
14545
13364
18261
25797
5102
3127
32128
6379
16331
19190
10365
22396
26037
21405
16799
3096
31777
22234
15016
5635
1938
8243
26067
8218
25277
19868
7960
13580
20971
9545
6827
25542
26016
32193
31942
2095
28794
27700
7848
3094
5211
11534
9438
13416
10955
31436
19137
20135
3223
18190
1856
21143
31934
2542
28383
19515
14990
7057
30464
8703
32523
19451
32353
2871
27024
11560
16103
19144
8121
17240
3226
549
9343
4010
1520
12414
10917
10476
6478
12852
26196
22194
972
21647
8706
25253
11577
20915
6808
5150
1375
18640
26323
2548
18055
1690
28138
26258
16704
12793
12658
588
5469
12545
28287
6131
31805
23076
23053
8102
2127
17830
31902
19436
32212
21330
28964
23808
10471
14444
2848
15980
21691
10726
10252
8921
18469
30422
12279
4646
27482
10024
2415
7607
31481
29328
1187
12048
27724
9155
457
9378
26315
15335
22206
12516
30433
27208
14316
12198
24051
11340
10353
26019
9119
10665
13694
24149
19521
8405
252
23565
22716
30655
24438
3650
29559
17596
3379
553
28325
25540
16034
391
30666
27614
4092
21444
9338
6361
6180
5440
15460
32061
8914
6378
25744
4225
22000
2062
4069
28030
17988
13422
22766
21796
16208
20629
10462
18796
17014
616
20433
21645
352
1022
29268
20595
22431
18097
28712
17005
1938
19573
10307
7974
16010
11113
15896
2774
9259
28588
17432
27065
30998
20338
28537
21697
2245
25943
14646
18056
29365
25843
4183
5256
3787
32174
370
2190
28913
24533
30578
11884
20480
6126
31127
10734
21474
13385
2750
10512
3832
26840
3555
18030
9913
9536
21476
28668
28572
20784
13959
9719
56
8946
25791
9756
32682
17472
17451
22295
13112
14680
3040
2110
3892
15955
31848
22911
20258
3762
22794
24471
22813
19258
1612
22661
28790
29186
29111
1087
31647
7370
9946
30115
24903
31118
13714
28592
16583
12635
19848
8950
2493
12642
13050
24395
14070
2635
28863
3520
12434
22987
27525
1748
6498
29305
14942
6375
2965
13789
26747
21233
2196
21706
1078
26483
8234
27118
8022
15278
4840
8872
9359
30484
29640
27161
9801
9980
3344
19070
2723
19097
3193
30909
14518
23341
14993
15933
11038
9338
16734
13563
2999
377
17988
2523
15524
20815
23336
14652
29334
14461
2774
31182
17482
599
1184
18856
21332
14007
11080
20885
29212
14322
2849
4783
27430
32011
31600
4656
19862
15399
28440
30596
25331
6465
14455
20643
12843
11551
17547
28829
13271
30853
4441
7286
7105
6056
25487
31285
23459
18917
32616
30264
17202
8627
26832
4810
24923
28887
28361
22008
2765
17623
1549
18848
10679
1968
14068
16842
15059
6347
8857
23867
7075
29230
25400
29768
3579
11760
19419
27113
5311
32751
19254
4878
3566
30661
30159
10294
11743
7927
31586
30013
16331
18288
2947
15221
20364
7726
28037
31225
8356
22076
20379
4158
5761
32736
4413
28395
29184
24597
3277
19179
2095
23611
9339
1728
22103
19982
5734
17946
5946
21461
23555
24488
15769
28891
6339
8494
30713
4643
23536
6616
8615
19288
14808
24270
17658
24579
46
32264
4824
27905
2477
4964
29563
17971
29950
13301
5237
23671
17116
9118
6130
16343
8054
2272
18750
4609
23317
4849
31367
31991
22014
17934
28643
520
25498
25105
31637
13567
26836
5958
12172
14234
14787
32123
18476
2366
31369
342
13393
32488
1915
15340
24209
30567
10370
26766
7106
8137
5056
27878
25276
23571
887
10052
12640
10293
25383
30514
17114
1340
22519
13390
31522
18122
10326
1881
11209
21699
18146
22923
5618
13642
1161
20009
19871
29420
11758
31322
25134
13082
6158
20279
28707
4317
24611
27169
39
4037
25289
16215
22353
15139
11871
21191
7333
17783
29872
29477
30682
15404
16338
11067
3425
9091
28239
23936
31650
3790
14979
15851
15753
2270
20805
7689
5697
24766
15306
16206
27199
11938
8389
8105
10627
9498
8403
29786
12058
651
21015
18184
14824
14048
7969
26894
25252
4477
3349
12567
13092
2932
11529
14058
17115
508
15534
391
31904
29983
14899
23410
29104
7858
28518
16719
24055
30090
14365
7855
16779
28909
2004
19754
13178
8263
29335
2478
20933
27422
15651
21526
29356
3400
14408
27902
31532
9052
27537
26070
32455
23398
21287
30518
3203
7647
13555
4465
19765
17116
20739
23405
22271
10117
28975
5042
23064
14281
7164
1984
2763
16464
28352
5542
27843
7345
25351
27600
25477
5606
822
31521
11326
1277
21102
20290
9407
3599
27571
16697
966
1910
7246
14397
26239
24891
32111
27848
22346
8398
20759
25071
12735
17658
9781
2287
2031
9751
2064
17160
27885
9858
15588
13710
18574
18250
22480
9277
6252
29996
8687
17869
16945
8642
7878
18118
23314
31991
12254
28310
2201
25278
7089
6880
24232
20740
31691
1304
24251
31202
22057
1613
31853
17944
26085
19781
19262
23479
22293
15055
14739
32029
31216
22613
31998
21542
12594
7345
5056
32161
8130
29505
32652
26881
22930
14654
7566
24661
7111
9545
16300
19579
20507
19783
27404
2448
24447
15983
24534
24490
6148
23457
20027
29642
10747
30202
23734
17676
91
21413
25489
2593
30820
6388
428
767
15490
18351
28282
4823
18036
18604
11596
13896
19629
13215
1490
10706
7931
18740
26078
21645
13926
21339
4204
19227
31835
24547
15840
32475
3338
2379
4494
27999
30988
16853
2175
25633
19017
21723
17778
11377
20505
4710
24098
13234
30377
22781
3527
966
11681
29115
28895
8135
8707
29349
11822
6392
20310
6970
12548
28667
11269
24395
22718
5700
29954
5132
16783
9165
23726
29548
2689
5387
8445
27042
15542
9506
19669
24840
14324
6229
10424
45
18529
2752
7843
3621
18826
5961
5430
28964
31402
27348
1556
31564
26666
6070
21389
31170
3684
15724
8571
14855
6572
22670
13673
31110
26513
20222
8699
29545
11616
3173
16778
177
26602
17120
17422
32390
30855
9206
21569
28363
4955
9678
6145
1782
25304
10398
4086
8479
1156
4199
6774
17238
17149
9952
7589
12602
12602
22959
7393
15304
2835
10463
15709
17264
32516
22927
32267
8302
17710
16615
9920
25943
10142
15185
12947
12274
24530
9189
14726
31818
28025
24612
7528
11777
19067
21482
32249
17383
8249
20894
14416
27083
25110
23212
30074
23698
28982
17461
3172
21638
11654
5125
15098
27120
6140
10693
31377
10216
27168
2161
29570
16748
18123
21517
21528
7344
26670
22420
3757
10421
28439
10034
17167
12573
14192
12978
22313
9278
22024
23610
735
32629
9111
26422
21305
21948
30972
21394
26820
9343
200
31020
30005
27308
16896
30601
15440
13834
18463
19911
7176
6859
3163
11986
24552
18788
1065
26075
25521
13980
30979
24326
18757
2531
3433
10339
17859
17894
4902
32544
18932
24416
5844
15613
2534
13875
17570
14847
10198
9399
2645
30313
1619
6482
6797
8424
1441
28233
13642
19726
12380
29653
22958
28161
7005
24698
17669
26997
31970
7060
25346
22231
16104
5683
4939
16075
4316
9768
26681
28377
15475
5984
17112
13667
16855
26481
28726
6619
32515
24435
11226
25907
26224
17
11154
3732
2289
29663
6258
24658
30427
31727
6425
26912
15466
2719
20790
3456
32096
180
31307
19838
29679
16557
31153
4766
22233
3153
6109
6675
27350
24715
15585
20273
17206
17271
22069
10789
30151
14525
18872
26340
17913
20510
6642
10337
2880
588
8092
23555
22202
20479
31842
29014
7186
22341
10983
14849
24996
21273
20490
1528
15330
14648
12648
20466
6134
27184
29985
3614
6569
10170
3808
31505
4227
17737
32277
27395
18483
18147
16773
316
14386
25136
9221
22985
22180
5585
18050
31603
4735
19186
2885
9714
14574
13603
18037
20573
18936
25699
22494
27621
93
15742
4592
16067
4288
19610
4619
27503
25611
9740
28154
30739
20752
18800
23229
27199
6508
15096
12427
19166
11697
18180
28695
9833
31940
9203
11539
23898
21123
26169
498
22756
2475
31410
28915
30689
5369
6967
22107
18444
9104
29038
20481
24432
25755
23526
15888
27168
11827
2403
16649
16425
2947
24182
22791
6085
30250
22865
2631
10193
16096
26586
10983
20097
26973
25598
15854
4179
32631
10824
32653
833
8074
32434
1701
31291
18972
13243
8072
1236
12993
18361
17412
5948
6205
27761
21662
28270
26601
11493
30491
1194
12376
9581
15941
10790
10041
521
32491
5633
18047
14070
30250
888
17600
10111
9451
12124
27867
12054
1197
18883
6366
16547
31109
12287
21543
4124
9570
716
26825
31318
150
27853
23601
7963
23442
11578
7945
24956
11761
15059
29788
17000
22201
4888
21499
18814
12765
2491
19488
28704
9990
11350
9810
17097
5522
3674
21384
11424
16861
4423
25489
8525
10176
32035
2995
6411
22104
32037
147
4862
14601
21681
10068
4552
29122
24713
25091
18007
10370
14401
31539
23808
29723
1011
29924
8402
16438
23093
16042
26916
21655
14920
5899
1393
24994
30354
7208
7014
13854
9038
20384
11064
570
23939
4529
11835
19405
32306
22432
945
30690
3540
8539
8159
3444
3076
29278
12647
5494
24440
20947
12497
15383
565
5629
3691
5955
15875
32470
29267
13933
3359
25591
17106
24460
29489
31161
25835
7523
25213
29082
27444
774
349
31202
9957
18586
25583
24710
20271
9564
3595
23884
13007
2789
20856
18224
10210
9644
23647
14598
11771
18124
3071
26978
30323
6919
22435
14773
18176
21259
26577
16568
27273
8437
11717
21518
9273
12052
3870
21797
22739
29679
31190
17757
25157
1929
29815
25964
16767
24035
32396
25601
8837
2755
21846
24487
26307
29364
28865
16364
10658
3406
19606
10691
29528
7351
20978
4904
3588
32362
29943
14850
12538
31031
23233
589
30299
11403
7068
32632
20202
1266
30068
11532
26650
23002
653
6799
14444
6298
18548
3752
9719
8371
13109
25988
31560
13653
20686
11895
7789
10277
24804
19687
15949
8509
3253
8294
27195
10356
23374
30750
18378
21472
13821
21874
23266
16282
4362
16866
5139
12993
3234
15407
6442
5570
8724
192
31746
7638
12608
12613
21405
20940
587
8090
27507
19464
3992
16366
32010
24012
11252
1572
10183
30646
22801
12921
6916
31626
25142
20840
9827
23346
3892
29387
9313
10499
924
23618
29486
32066
7727
15064
28604
21735
27798
6116
10005
19872
1876
5422
12787
25369
27128
13395
28298
4475
7063
11627
3241
307
15225
6376
8193
8180
17939
28865
11460
19199
9781
11473
25203
28322
26245
32378
30961
16126
5932
28557
25563
28174
15311
26734
20508
741
21953
24947
8123
13879
24183
17294
22520
30747
17980
15404
13720
783
19237
2140
23421
8253
15432
31540
20345
253
32041
17264
14692
20890
23925
13405
6252
26969
6387
5622
25261
15287
5047
16460
17154
28403
9881
1579
26906
15308
4069
13050
8142
31372
23636
8163
7601
325
23611
9268
17385
14171
30979
25861
16190
578
32473
18460
16241
28553
11942
3597
14543
16408
11330
22437
25605
14518
7397
6793
28726
23502
2526
18715
6987
28786
23431
12701
9355
31392
120
22681
19819
2244
5371
21120
23719
31359
7872
24721
22417
9383
12498
21756
26025
30351
3018
584
4719
1160
3651
14834
24949
7079
2445
7767
26808
17097
20134
19411
25904
19669
1893
7467
32166
24641
12281
3880
10182
6104
17554
1925
25461
8378
30558
780
16485
31140
695
28411
25062
14193
27547
12716
29951
29409
18524
9845
19645
17306
24472
4302
6347
27756
13164
19121
27203
7385
19685
12871
31428
27605
23479
6848
27077
28618
32306
17538
25640
6111
17777
8327
27154
10874
18901
25344
9979
3331
25522
10559
4097
14572
23623
14035
15490
494
10996
3573
11497
4501
4775
26403
29640
15358
13208
19466
29992
4576
25910
22953
12317
21449
27744
28084
18077
10922
25049
17206
14225
18838
23798
17019
32557
23751
13978
2093
4477
27106
30820
26557
25409
1403
19495
27908
29947
476
32667
8491
5190
31490
28754
5832
18281
25577
29677
329
5932
30986
4239
23446
10987
15393
6546
25074
27368
23859
1145
25378
7397
13520
2598
11474
12019
13206
26702
5940
9349
27382
22313
29674
22984
4923
1902
25638
4407
12999
15486
23056
32618
19104
22239
18792
18734
11308
25325
19308
10203
23609
32716
14844
10210
10048
12961
1532
13734
19179
31234
19706
27789
22740
13739
29200
23638
13968
13938
15884
14509
24300
2685
19151
9980
18550
22962
15859
7813
5440
26223
5809
3758
28640
1659
4865
16283
14779
10301
28674
8450
28292
14380
2461
31547
24831
31367
7525
13975
13579
11590
13506
11507
15071
1616
31311
14733
3988
25070
32384
31510
9956
13696
12168
31752
8753
6767
2170
13625
6344
1378
15278
7857
13672
32181
23654
17080
19710
26919
19377
1844
21171
16338
27792
8498
19752
15457
25432
26307
12544
23677
25687
29449
17568
17800
21946
20625
28978
24974
18606
7651
9456
18552
3526
24664
10911
18819
26781
31020
6745
10481
9916
28884
18320
26111
7614
3218
20560
7446
21682
25158
12740
23109
23744
24199
1532
28655
7440
28914
20205
9665
5607
21186
29370
21479
24339
7074
19762
16000
25994
6335
31385
17743
11342
6688
16299
15283
5267
10810
13022
31961
28964
25535
2792
4144
26883
22968
13953
29213
27983
17875
8554
21745
18027
28926
19118
28184
31837
2612
4136
9106
7796
24471
21317
11688
11822
11712
23307
215
12632
31059
5978
5137
12151
9942
10610
22309
7783
17603
21942
28027
578
15323
17072
260
17540
22974
10580
16753
1644
27065
23177
25507
29349
20447
15845
13667
21029
23131
11704
6484
26710
15620
21581
32549
23155
27442
28268
11275
9781
17360
5923
26479
27568
17331
199
24548
3703
12842
16181
23643
29191
31703
1885
3482
21859
12221
2050
5098
4603
21145
16315
3344
16850
31862
29758
15999
4320
29820
11997
12236
15798
16137
25169
18786
3424
20995
7607
19319
13967
25452
28888
12607
2040
1590
26029
21599
19959
2393
13091
25764
15224
19748
3355
2037
23063
720
13749
13958
17798
2651
13262
10063
13871
25236
21191
24765
7963
24434
20360
16807
25363
6825
22213
5763
25861
21119
14464
3802
30633
10972
29904
9977
28771
1185
1504
23018
24940
24379
2874
12194
16173
30840
14918
31612
29931
7833
14349
24294
11433
26792
16451
25690
20042
18700
15749
18065
31223
11866
14047
14323
448
9838
13969
15953
9862
14267
3603
30422
7192
25823
6998
22075
6300
3706
29517
14651
29489
10049
5548
22855
5586
28238
3568
31098
18045
9146
9631
24527
2965
27502
3025
28306
12166
21046
5615
29204
10151
10520
32187
30371
25188
10979
16528
15033
16540
8202
1003
4468
15944
29875
9003
18758
3678
29964
19093
27374
11765
9182
17307
25767
12969
24420
22110
30111
22593
18525
25713
28074
4495
8032
8416
5432
8344
3184
2417
20869
31221
1232
1321
22799
30585
17176
19474
3149
7700
1417
31804
18078
31479
1694
2
15232
23545
25571
10638
13314
26426
26378
10144
16508
22022
25916
14218
12925
22268
10413
14464
29445
23407
6259
1038
2292
21516
4760
12266
25539
8381
11374
7404
15986
14286
19746
30555
11969
18511
22164
3178
13475
23481
20582
6402
24048
15060
18772
30146
21082
6615
25283
17477
23458
20433
15004
419
15884
7497
10074
8762
29968
17953
31330
6830
10322
705
15507
31278
27860
3185
6431
31225
9834
18693
27289
9761
7535
22976
7759
911
7351
4467
25049
22344
11204
5605
20210
29423
14653
12407
2439
10890
18843
4616
1038
22409
32294
3607
24089
3332
2080
4391
4395
24900
23616
22120
24522
28805
14946
8339
15061
31994
23932
31254
4376
20498
26580
16497
15646
16634
24432
32480
1350
1123
20174
23610
25113
10629
24022
8217
32475
26723
30477
4923
10336
9553
19723
16168
7714
19892
21551
20757
31120
29194
1169
9225
8104
16682
30776
13886
28871
18636
14734
3530
10944
8011
22032
20606
12588
23210
2378
4879
12290
30934
5123
9075
19560
7466
5045
21134
22472
18232
28224
270
14629
26311
9694
29588
176
28952
10586
12820
22934
23406
29821
30334
19997
7884
5322
28318
4591
10497
26219
21825
18101
24290
7530
9881
28392
5079
28452
29666
740
6809
28667
6726
23615
21305
31052
24830
27480
23141
11169
17083
27443
15847
24871
26180
1924
23150
9314
2656
10505
18065
32543
26870
23581
28433
13738
21875
1419
18526
16962
6764
22944
14685
9418
23173
18820
9065
23233
30865
23242
11160
4980
19194
7493
10559
29810
7779
13085
23992
577
19341
7971
22882
335
25719
19810
12778
25387
15562
2550
28105
5109
20851
23074
18702
15380
21394
27548
14174
18982
23187
3627
18233
22845
410
27508
19070
18248
29733
28945
26674
4047
11757
8420
31613
16100
29197
15275
25589
4182
15717
31188
11040
3879
14401
18066
9011
18752
27446
12592
25376
27492
15181
2214
17360
22883
29028
21866
17069
5776
20688
9608
28004
4724
327
24309
15081
11716
20478
3104
30139
2961
3086
22219
7017
703
540
9497
21845
17336
23353
3304
28344
1633
25351
4448
27622
21582
31005
24268
9940
17202
12717
30889
5335
13209
26980
3581
6574
26585
20626
26603
3011
1861
12683
9859
19886
24997
30285
16351
8443
1763
12643
30059
5677
1799
11785
13188
15874
28261
19344
3909
32761
21013
10244
22173
14866
164
24077
26277
3541
11017
23059
15409
32405
6619
2725
29350
17654
17089
28700
9483
31661
21033
20347
25954
2439
32061
3226
15928
27821
12306
28548
29307
19238
27683
22813
28556
27805
27391
11016
9621
357
22846
26311
14877
23226
15801
18468
18649
30794
24827
24272
9925
3828
18674
27467
23412
27855
7402
771
17572
24174
1469
16320
6166
31074
24131
32319
14237
28673
18448
28701
2932
21094
30815
1272
22228
24761
20809
28368
15046
21169
6971
17843
23351
14422
29350
3737
23114
22540
15864
10637
7666
11725
16332
27405
5055
28598
6493
25780
26360
15301
20801
8470
23787
21217
12884
22252
19329
1306
5874
22385
24085
13107
29801
15371
7302
2397
15021
5934
26763
22342
23630
11389
25927
10578
4776
29747
32030
1832
12890
28098
31174
31601
9209
1466
25249
18652
21765
4843
5450
28774
13595
11982
19566
27864
4973
27937
2269
18321
28784
14034
4320
27269
6100
19486
31182
21382
5817
12794
28634
3267
25120
3762
12335
3726
16799
14800
26943
28258
21082
831
30039
32548
13870
30128
9079
18089
17199
6205
610
27769
18261
29516
25073
1490
13426
23735
32428
25328
18535
20266
2971
16780
1432
20684
3674
2211
3997
11553
16748
29048
16443
1583
28881
16860
2194
223
1243
31661
29335
4263
12093
9629
22213
9830
28261
4404
6672
18063
23308
16921
2075
19082
29707
23181
7594
20823
23664
12600
22362
9077
16337
29736
22672
3586
20704
32023
32431
31011
5696
15084
13454
15782
31127
21637
6697
32230
19685
26804
21654
1519
14868
3975
6715
30435
20688
205
20287
16797
9880
981
17982
13459
15637
3193
31041
8449
8875
10587
20205
23364
335
10095
16378
6787
3992
3770
28903
31637
6168
23641
5100
11039
2796
7620
10033
31485
19858
20820
25405
26340
15611
12291
28081
19525
5601
17524
9270
22900
14171
29491
5044
30729
29615
22589
28613
13959
25447
7619
7785
30011
28327
12331
11259
23143
189
29528
15203
20896
6650
23851
18062
6773
13248
6473
17179
10833
10973
6687
32599
26019
9239
15140
19308
29755
7944
22622
17109
13559
11053
32552
18965
5280
29497
7218
5289
19471
4783
19145
18235
18836
27055
10585
2584
18840
25360
22320
8164
25216
24752
32644
21645
2005
16904
5560
22653
18594
14596
9947
23572
19742
24849
25714
32597
22411
19575
19575
27103
19550
31721
4769
7967
1440
29786
12006
25285
30100
26387
13631
16756
23706
8195
23211
4542
5715
11862
19318
335
16902
31561
14011
616
19011
17212
13096
11664
4038
9480
24833
27526
15261
15252
28007
31609
31886
30115
23259
10619
13235
8176
13054
18740
21607
21885
1434
18643
31590
18984
22758
28746
303
9087
28422
8379
2989
21461
1234
10285
25367
11158
28120
32132
3605
5335
12708
30896
31012
11569
3647
23332
11579
12752
1013
15498
22959
29127
20059
12213
13652
15014
28305
13271
31461
29519
10949
17908
1189
22789
9976
9878
19271
4806
31493
10179
19467
3803
27103
5932
6699
24237
7706
6311
8053
1242
4013
1247
20537
27016
30454
8266
22117
26874
28926
15964
30703
12385
14591
9467
15475
23796
6947
17458
5662
4418
1167
5673
4554
29895
21664
15189
21098
20926
21364
9964
23465
17719
29101
28572
28622
13673
13681
6268
1251
585
30901
26179
5398
9308
23740
5304
20063
11721
5850
105
25955
25010
31358
6304
3993
21956
25712
11667
26795
21005
27478
28379
18207
25358
31101
11815
17462
21010
13270
14898
31508
30654
21055
26098
17186
7400
19716
4115
27057
23981
934
16035
12000
17085
16603
8975
2495
1274
16341
6734
30644
12098
5831
32092
23326
4744
10918
21994
11577
16426
4141
19284
1858
32382
32291
23507
18139
27566
13536
13812
20912
17095
32526
17992
15451
30476
12205
19805
22661
6544
16729
4590
28238
15620
31440
855
9455
19405
15535
24651
24222
1114
23676
13769
2995
4020
12521
19020
14600
26198
13143
18755
23973
30528
23194
17088
11165
17735
4860
21364
26675
28335
30596
2267
3905
21243
12408
21940
17883
19204
6944
10932
24623
10057
7885
1915
32431
26758
21274
6087
1651
26248
23410
12520
30936
22847
7122
17268
28270
30741
10960
5435
14609
9086
9437
22397
29013
19664
17607
27995
29480
4182
25986
30348
3506
13727
20775
29265
27264
2588
317
3755
28642
18923
13368
30667
8849
2797
31807
15306
19093
24094
11058
5786
24422
6950
16364
14909
32594
2603
14533
26420
30238
24554
28507
26939
5872
16390
24979
19507
28013
14751
3034
23904
2590
29223
14513
19668
28184
29297
26984
811
23004
18955
15401
32633
892
31950
29497
20865
30719
28339
379
1064
11271
16873
16438
3113
32689
23332
12823
3849
14781
55
30586
5710
15855
17637
22501
748
692
14836
1237
21760
2569
4740
31166
7104
24985
13215
7501
8626
28197
25105
2032
10525
1577
634
5016
19646
8125
8097
6334
22715
5561
11019
31908
12253
18460
11213
29917
4345
7087
20382
9231
20655
7397
4656
29688
23383
18950
28353
20655
4921
18572
20461
10540
24316
2510
12742
22795
31842
8923
10790
24461
27442
23465
19268
2016
1141
14703
5254
26272
4580
2127
26006
20637
31138
10296
10168
11999
21031
8459
8539
21479
29308
16892
10221
13880
21166
20540
9204
13334
20605
2261
7003
17550
11348
31189
13833
14774
21118
30382
28857
30774
17558
11229
29189
18439
14143
5578
13763
8827
14358
24303
661
8574
28645
26941
23996
29723
21786
1723
28973
31810
25207
9585
6119
31176
9738
29316
1155
26287
15456
14498
13837
26792
3062
32160
12050
31702
21744
9058
8954
15061
26893
4092
3480
26619
8155
8470
26880
7133
23335
28309
30105
15637
12216
8312
18547
9539
1597
23551
5082
5970
18563
3091
24107
27389
28395
2274
6886
4497
540
25290
23045
22516
25845
21624
396
2534
31429
8273
17762
23175
32191
23824
20831
13849
6568
30129
22950
24840
7891
24719
1333
2087
24911
20937
26298
9789
6239
27881
30632
25280
21034
14792
18827
19936
20404
24748
24985
7624
23821
29108
29321
20768
31177
15222
26792
23254
26031
29926
31785
15134
26038
15994
15804
10679
21805
16011
20835
13680
22329
23807
19329
31980
15492
25125
25652
25762
28980
31968
29925
28199
1818
29704
29726
5296
12332
1805
25499
21203
15670
16861
25763
13709
29900
18440
26265
8329
22147
23330
9166
10143
7777
8298
24729
8604
7313
27048
8362
22593
13659
1372
18075
31118
7508
23060
20936
11840
9682
20766
11873
31128
11683
21599
19389
18014
2559
25475
27889
17702
31674
1111
26530
32722
1214
4722
17687
18008
12729
12827
31122
22725
11283
27239
9697
29314
10275
10914
5936
6870
930
16112
31009
24237
10336
30772
28191
22424
1845
2865
495
9236
16187
27376
10887
13583
17722
8801
19236
5288
8036
28996
28055
2615
2371
12362
9695
16269
5103
16504
21501
19325
5764
2509
14340
17819
723
19748
3184
18243
29272
19804
6840
32221
32621
5045
32295
12896
16060
21373
2279
27157
27898
12525
32607
1182
9427
28494
7615
31542
12576
19039
7128
9530
20320
32507
9010
9705
30310
18167
27480
26472
30031
19530
28791
18184
32439
22384
30759
22220
29741
15632
22665
22566
1507
20188
13714
21506
31402
21432
10406
29701
13342
19231
1641
279
17182
32707
14034
11039
8320
11636
21377
32269
24066
15939
82
10270
25475
25319
12850
30043
3187
2656
22577
9316
14728
31962
6873
30827
10930
7635
9662
11395
13650
6528
12119
11291
10919
365
13068
13509
648
7269
4496
17725
7769
28049
2929
32166
14392
14051
18926
21782
21111
31414
27144
18517
15183
16558
15836
26082
30930
8678
14383
23351
12578
24650
13899
26446
25313
3393
7178
22116
488
912
30256
27389
19516
14459
5885
22568
27453
10284
24835
12548
13601
24921
13366
29059
8865
29730
12610
1134
19698
18488
18209
27306
2039
7748
16108
26553
27829
16519
14833
22403
26631
9917
22023
4439
8595
4424
27678
31789
20220
24458
7450
14382
18266
9619
8418
374
27367
17660
2995
12312
13050
3346
32187
31074
32314
9784
28899
22115
27915
19590
6380
13227
25165
7606
2493
20050
31814
32321
6139
25148
6620
22981
10203
3482
16392
17066
24116
3508
29575
13573
26585
14567
23251
188
19237
23017
15441
7916
30679
20565
11468
30343
2336
6755
546
21570
28155
11254
24125
6574
27581
14045
26181
26532
12013
18514
31252
18407
24149
24519
32747
6661
25689
25315
6243
18302
25224
4807
20134
808
881
26261
6366
6098
7864
28467
15598
2600
25449
10316
28001
4567
31883
23192
12959
11761
25593
29534
29799
22674
22381
30007
14201
7620
9182
26132
25491
6560
15116
24194
9631
8630
18265
7725
16939
7599
12762
18851
27673
21297
20142
13659
29592
10499
9102
25078
24915
9586
31910
3524
20968
11251
17315
32650
9627
15881
19726
28291
22604
17257
4056
11172
5542
7517
31542
28708
23962
2406
24239
30012
19723
5925
6258
14636
24267
13691
32238
5502
14535
6896
12957
2702
22910
3409
24864
25674
14776
19613
2705
7223
13940
9507
24597
7349
22306
27876
23216
18819
17426
28734
1374
29061
301
4556
11615
3525
16611
8584
27858
29113
25444
12082
17285
20676
30227
23542
12812
15614
18231
28489
2832
824
25076
13076
28394
2107
1659
23316
9584
2897
29309
31616
18959
29191
3557
21229
32283
304
20422
27504
5474
10029
28562
22274
28935
15212
13966
2856
31886
22319
1410
8147
307
11151
25269
30084
17280
30912
9240
1717
7966
2710
2498
26741
5356
24136
23708
15954
32590
21877
25950
9595
24776
6756
20410
23334
203
6544
19926
8752
19150
13412
4096
11267
9121
4419
25758
2237
10494
11467
5219
25231
3938
4187
20169
2146
4634
20946
15035
3009
10657
16538
32657
30195
31785
25574
23106
22631
15480
11831
4821
15446
27381
2597
26137
13731
11523
9308
14230
7430
11917
5861
8131
13673
16866
22951
10874
16530
12740
7213
22952
18179
31163
27817
16457
5918
22704
20537
18836
16269
29110
12394
114
2273
28459
16891
27445
12921
23552
18659
20359
30374
10069
23956
29344
6668
1609
6018
10685
2636
10256
16607
20173
20448
28742
30633
28013
22342
11138
24551
15382
21856
29231
19248
13717
19227
11671
31084
26300
27727
29505
22239
17496
28134
10877
23395
7523
32577
12349
28404
32122
29399
27942
30578
5009
23071
4583
29603
28901
6321
28106
18296
13362
12968
5000
7569
29990
23114
16482
514
1046
235
14701
6744
20977
28430
4910
7895
5234
10190
5990
30982
31385
7036
15663
11118
1371
28042
26440
26270
22681
20903
23726
28530
6223
17452
12140
14997
9742
8631
1459
24901
21164
25109
31021
21334
22586
31334
143
27258
12342
10875
5998
17087
6658
14723
6227
31833
26005
26087
32017
19106
22129
3186
31062
29791
13012
19125
9089
10565
21299
8362
8115
20668
17892
21911
297
13794
23323
9269
21961
13523
11543
29202
4090
19752
30877
5684
17081
15805
22950
29439
25578
3512
16469
26457
2283
9926
12843
23307
20847
25768
11134
27242
29834
15855
13607
30008
9224
27139
636
5317
14851
10346
11134
15705
25781
3399
22355
3798
17546
30497
27382
6298
12409
4582
4141
5283
5269
2864
10427
24054
7903
23494
471
9793
11871
19046
23518
11967
14451
3010
6725
2140
6246
9160
12241
7962
32068
27686
6922
5299
27117
25614
1773
11904
31593
11574
25569
23193
27003
23076
3308
4158
30073
29096
19751
3957
15194
19370
22895
17397
6417
11045
4702
20291
8218
14708
8825
32283
17746
18125
19627
11537
17163
29707
32499
24696
24928
10672
32089
4995
6342
42
14630
682
17124
32085
10324
30031
19877
19266
12612
19106
9355
19511
32431
19906
17478
12278
20447
5413
11397
28226
6431
28985
9228
19104
2160
11851
774
17755
17021
11689
30621
7626
27601
6659
30921
18901
21064
15127
23397
1718
19139
11406
15752
26365
5920
31776
15378
471
26730
29439
9861
10127
20812
3699
9495
16213
15564
27585
1285
12863
15670
11090
7977
1933
18261
3857
3279
5681
11753
22549
7877
28559
29014
10112
19121
26497
14234
26279
679
23966
129
31347
11003
11196
27164
17927
8788
23987
6511
16546
4098
5732
7018
8903
27794
17914
21019
28316
30879
5488
16929
22417
5611
11092
21604
19777
13998
11722
24579
11677
22317
9683
4238
25159
13711
10191
31862
27964
15340
25921
32705
10422
20648
3027
12034
15953
255
5530
30345
6508
14816
28314
14807
22738
767
5005
1877
922
28710
3552
13381
1355
15563
28927
29944
13636
17896
15570
17729
27995
22023
18823
13611
29637
30620
8339
28135
15414
16792
26355
776
17480
21051
15544
25587
3873
27690
13762
400
1104
27073
20428
31814
13817
31402
2473
28199
21042
24495
32716
9575
17324
6348
12814
25363
17814
14729
22188
29183
28350
22407
24207
10753
30714
18264
3793
13148
16838
7059
21372
7807
23854
6696
12181
9200
7151
7154
28249
8323
27609
2699
31174
8655
375
28772
31325
5858
5618
20245
9255
31028
15411
12273
21750
474
4424
8926
26605
16124
19465
8036
25154
7561
28667
31747
23875
15145
10100
28618
20887
5236
2304
21029
10183
25441
19460
3319
12797
16897
12449
29928
29451
25965
7899
31745
22190
1277
16635
29302
16148
16826
7473
18882
2973
8726
29310
3577
31967
30171
23761
2394
6636
13922
1137
17956
31447
14085
23706
25260
7284
14806
13675
27563
8544
15506
9472
12508
9281
4560
3035
18375
32591
6782
14472
12503
11540
13198
28288
21171
9839
11245
21583
16331
25055
22197
3314
31281
22526
3491
131
10667
12620
14283
6168
30726
302
10378
28904
1965
12855
27325
19119
14458
1957
19504
13652
11979
22575
15706
16841
20697
26110
22855
14900
11845
30713
10709
9548
1524
6213
31779
6405
24093
7180
22855
8303
25248
22654
30527
14555
32154
10518
13866
10817
24118
11039
32185
16094
25030
21110
3808
7713
4882
15249
7633
20168
13295
24256
18474
9287
1300
2227
15213
7017
16426
15421
8114
27193
30754
24919
6808
18211
21451
25960
32385
11095
22180
12484
31231
5230
11247
5490
23433
2384
10246
6962
15731
26197
29682
19646
11805
13482
5946
27217
10346
4343
21497
9574
28787
25918
2355
18882
10365
31239
3945
30644
12841
8890
17259
21404
12267
2380
13166
20138
15037
23837
8798
27880
8213
26913
21878
11387
15380
21823
24589
29222
17408
5878
25011
7951
5364
21830
27260
13254
23254
17358
31132
9347
9098
14642
18996
17071
12901
1215
25196
24486
10213
18258
6338
3260
20895
21365
930
7294
13944
22732
1846
18746
13080
24240
30079
9409
15004
21017
29861
13675
3979
10945
8075
25692
2316
27526
5287
8454
14422
528
26385
24047
615
18869
9689
19124
505
13721
28062
28495
17842
26138
14428
3221
16027
11627
24454
26114
29395
18302
1109
22713
18565
18728
21087
25543
32023
2688
20587
1448
7332
4232
13188
4876
3501
14863
26700
27355
1291
13269
18067
11126
30248
30705
9000
19776
21359
23664
13295
18013
13057
30015
31284
7097
11178
19787
10047
844
32275
15078
12073
31645
24121
21357
32238
31877
28957
16935
706
9526
21182
1649
1449
2939
14404
23832
31554
4162
638
22791
19171
23895
21646
28450
15083
28786
739
31089
30548
22388
28264
30081
26248
494
8187
519
16502
19427
14369
24519
7140
9679
1784
31156
26119
32231
24685
14425
30801
20131
174
9335
16522
30330
5347
7408
12066
15596
15385
9187
24518
10438
5246
1817
12337
2978
10452
26528
14661
26285
21024
25781
24154
3245
24994
28136
26326
9538
9994
122
22013
30059
9961
21514
29963
4429
5478
14960
17280
23344
26930
14058
16828
29643
6846
4214
18891
32705
25515
25470
27266
26219
4738
30394
30923
28120
18085
22355
19261
22546
10373
68
21488
26019
29206
4358
3215
24920
23424
22380
26798
6469
16408
12492
16990
26889
3982
1631
29951
14676
24423
26858
6742
6310
12462
3998
7648
20825
15847
15933
6757
8417
25925
22143
13775
29779
797
6324
28477
20004
20633
22442
4948
14643
6833
9169
19157
27914
25943
12701
30581
1889
20210
32556
21225
32484
18446
32041
1088
13111
29522
16112
8053
15926
16818
30195
17221
27265
7910
15452
18750
29496
16922
29428
15385
28931
30439
13891
2121
6230
29314
12025
6868
11507
2355
16780
25186
20144
22537
24867
26259
890
14029
2483
27030
8858
1588
9575
18424
1335
11864
24902
2745
8220
24937
13584
24485
27324
30368
8808
27617
14195
29045
28472
11461
24847
2322
24402
23273
29071
17415
12627
899
9771
31807
25293
19440
29844
24371
32677
5008
30076
15965
185
26583
22617
17392
32198
32417
17510
24518
13962
10950
19179
154
14117
32495
20159
28023
7109
4776
1291
21360
14210
7606
29520
23442
8839
23978
3756
23831
29555
31158
24665
32732
10239
22720
21366
25366
224
7605
4106
7232
21743
15904
1862
8792
8071
26363
5386
31050
20014
9156
23211
12717
4472
31700
14068
4269
13609
31213
32618
29768
17306
21010
24276
18366
30814
6555
31995
7234
17956
17800
21423
14838
29663
25366
21770
15638
5413
16016
18169
4979
25045
27752
30711
28196
12541
26758
12572
31608
6907
16352
2391
32047
1762
30795
32248
3817
10015
10896
29809
12510
10588
707
2397
27344
7588
6864
20673
6974
22728
25431
27538
18139
22018
3770
5752
31806
23513
12916
5586
8155
26692
4780
8954
13362
10258
19465
16074
29254
32137
20425
3423
18001
23118
26125
7964
1206
28805
10871
19186
27447
32568
14071
32223
17000
15869
28898
9141
13155
11219
11333
3357
9662
17742
6520
30427
14778
26100
12534
5716
12989
22758
4459
20301
26115
23747
1039
30453
400
7881
6963
18470
16233
28989
7961
27880
22787
16653
15625
16695
20220
3765
11425
13062
22793
28255
16237
25475
4656
21326
3768
28061
13623
10876
15265
30147
32092
2178
30065
26351
32582
28345
14891
228
3644
27551
1381
7092
405
6780
24919
17540
28271
17989
3634
6035
10660
13248
13235
31609
9722
22249
20727
8621
666
30613
24209
28746
24004
2389
22234
14611
16320
15005
6280
25012
12824
32549
22402
24907
22276
6544
4083
14118
5414
26700
12189
16078
11127
31161
26993
1349
16770
11149
26460
909
18384
22903
20067
25193
15523
24322
18674
11112
10471
28861
2929
2846
26981
4249
1817
2229
6202
8594
16134
22181
10887
24209
29581
8383
5739
14481
6095
31600
5422
24577
17806
22596
21951
32106
9024
9129
13153
23890
28770
28662
17569
4960
11279
20907
22155
22721
2513
20730
10269
10697
10423
5255
31228
26334
16552
10605
18022
31890
14838
3201
13672
22287
25398
22746
8529
9400
14672
16273
16230
11277
30162
11461
16599
14543
22410
15842
32754
25701
22867
27939
3479
15743
19247
5718
13036
4857
406
14560
15185
26114
3854
6912
6807
18301
15356
12888
17260
9383
12474
30121
16922
18171
1513
31710
28530
2899
12041
3148
20482
5199
29511
1080
29583
31738
26773
13721
26815
18603
9472
8992
6421
10538
6718
15734
8482
15380
20359
1477
30970
26241
28071
14713
230
32227
20816
27464
18008
18738
6068
11631
5412
7494
22867
12607
10476
6276
1810
32729
4828
16828
7566
12342
10136
3666
8879
15978
2419
5020
8576
26665
8930
26508
6206
12938
9520
29839
3247
32011
24435
17588
15028
17877
446
2065
4386
834
8344
23139
28878
13981
3245
3060
25063
7209
21188
29122
13193
7268
30705
221
14734
25228
17932
14609
7336
15459
15457
8901
28845
10032
30889
25635
1329
11782
11322
12665
9306
32072
29050
7391
13296
20333
5529
2331
27828
5889
10880
17345
7155
2540
29956
2719
9050
29175
2912
87
11020
26252
14306
21582
14834
21437
29668
8645
10322
29321
3838
19014
8356
5722
22138
20290
8865
29649
20744
28408
15516
17606
25267
2200
28437
28043
27924
2985
28300
1905
16326
30376
14227
29838
27930
10482
10535
24765
22283
3044
6464
21477
2164
22336
6055
14719
11904
29906
21256
338
18018
18260
21576
15745
21319
22672
1048
25032
12425
12996
11979
2051
21542
26954
31332
24048
5488
5240
756
8245
19462
17606
4387
18085
23298
12590
7948
17855
31860
9433
8014
2423
24848
28663
14943
3386
30755
24559
30244
13612
29644
696
31679
19636
23912
14726
28585
20026
20046
24234
4096
22575
8381
691
3362
29518
11538
1242
20602
3618
26430
2717
9626
20937
28792
6825
31114
13303
28975
24317
9312
27198
20291
21069
28945
8844
5236
23716
22407
9461
6427
9038
7412
17074
18200
4085
20069
13930
2315
21258
18842
22961
14791
25959
18453
21455
10243
19762
8305
9666
595
10756
12789
14214
16215
19530
11881
19091
22066
23532
13864
30120
23358
21037
31351
3527
21759
19155
23061
8320
23893
28807
11284
25459
25333
2174
11494
15633
7961
24921
16827
19106
4983
10570
1547
1932
9328
28537
22382
31186
9099
21670
21428
2011
24097
12047
32050
23413
1114
9620
31066
30233
31832
1561
7567
23153
30129
23340
15927
28439
20771
1255
29713
32416
12419
22808
19400
30937
17143
3744
5065
22864
8549
30745
15442
22294
20267
20924
32204
16836
13073
9857
14683
12220
7291
4231
18355
25009
10468
22711
10797
32618
7559
14757
21018
4546
2399
18870
29271
24052
17234
20616
3874
1557
6314
2958
16427
4834
16324
9723
22766
19132
25356
26594
27457
31217
22569
24731
22569
4157
22388
4200
25330
14225
18351
21848
31359
18450
29172
8044
11486
15717
12779
12281
31007
4394
30272
26701
29543
7878
9556
27541
28480
29798
14899
6143
9267
13633
11719
6939
153
28957
75
9607
7854
5396
30465
459
4071
22936
25128
4738
29318
20917
32553
31675
1387
32662
19217
31646
11821
4683
22851
13907
9577
12489
623
31007
15706
30258
32702
14544
30378
855
17999
20316
22408
18812
14055
15557
14587
29275
30180
28479
32374
2411
32627
22165
27564
19041
19459
18121
3237
14583
6394
28155
25618
26093
10662
24971
21470
1358
5238
1666
29701
14837
28778
22830
19369
14927
30408
22541
8291
12899
27921
5613
20439
1807
27443
14160
26507
24212
20992
24341
28409
4693
1503
20053
6114
28123
16833
15244
18662
24349
5719
9465
13906
31742
27011
8775
32057
280
2572
31084
29894
11704
11157
31442
10704
8489
24272
26804
14511
7478
23023
28108
31054
20970
9563
26411
12674
5786
169
1384
16794
13350
5066
2300
32568
9339
16513
7661
12895
27484
10266
6826
26828
27747
14682
9782
5002
25154
23218
2441
8897
23375
1207
12340
5071
24384
24791
7235
9625
8754
16452
20839
10019
26865
32565
31573
5215
627
10318
21353
30019
31397
27740
2447
13086
27243
16966
13411
22572
2273
17217
3223
28008
25064
5954
30613
27297
21982
1465
9574
27856
18092
32380
17875
9897
5638
12033
6346
16240
22766
30673
24067
5134
25722
22073
26594
3684
6104
5699
21920
1759
1935
24805
14502
25677
28167
31351
10553
28143
1356
17770
3676
975
11791
23864
7410
12627
2030
23959
21028
19987
24309
10738
27906
8424
4708
18713
11117
14661
22706
10552
20020
29387
1235
24582
10365
22295
12471
15166
15975
20959
28947
13651
14061
27453
30307
8800
9486
31818
16176
10589
27690
4591
16270
23961
17328
29176
8682
3172
7670
30314
1282
4876
30312
13079
23349
20748
19173
6511
20221
2687
17510
3737
20666
20187
21217
10179
12721
14299
16493
182
28756
5309
32678
24749
6596
21934
14675
8551
25748
19331
23878
3195
26832
4009
14980
8940
6461
10335
25254
765
25059
15650
23679
24646
4041
28521
27135
16904
26112
11155
25943
31678
994
1566
31070
5108
156
31001
14644
3420
24554
5596
23333
17951
17442
32502
6864
24945
372
15975
1672
28520
30320
19472
15354
18190
19912
22631
22544
18101
3416
12143
7702
28298
5731
18408
6684
2413
31520
21186
17051
22528
19829
24280
23899
29182
19202
25819
11155
20943
2657
20364
8531
15961
3500
21551
11295
1816
24128
12092
19676
18033
5569
6487
2289
7747
30815
2178
30374
8896
1111
4498
26831
26491
6844
32223
32175
25281
9591
26944
5399
6957
24205
31799
29134
21367
7328
5736
2613
10381
18617
32080
19499
21989
24900
25395
22575
5137
11868
23126
30660
17812
2889
2159
21274
26100
26951
11866
10730
28432
28553
22541
5026
10420
23678
18638
2754
5739
3155
30628
18310
30612
18617
12299
11717
3512
17896
10987
21017
7451
28900
13259
23104
23441
29439
11842
15554
16787
3743
4015
9172
29074
14657
8490
30589
10635
5822
7611
21239
29404
14797
201
26968
1110
19914
6357
7538
2707
3510
12904
20727
19082
11390
28489
12001
21088
4736
7668
29968
11394
5195
9544
309
18672
1702
22656
9456
4316
21461
18276
1333
22643
30231
24256
2292
8955
31603
27926
6905
27934
30388
24464
17169
29061
435
19256
23150
7081
13524
5739
24396
7398
14291
22155
11221
22482
20417
13813
5186
5580
3657
30259
12356
15064
1592
25202
21410
27562
10557
17974
31267
23040
13036
15436
10926
11061
17673
27137
5552
11539
6404
31377
29374
19690
27328
28386
24956
1246
152
5490
20925
13189
29860
16014
14059
4530
9016
198
2730
14987
25262
8605
25272
31202
26726
30341
7703
21698
32522
21002
28015
71
29207
20813
15022
15027
21145
7604
13297
15039
31030
30432
32167
10543
26989
6367
20467
22697
31264
21155
851
12231
26448
24755
20608
31083
12585
24609
18325
3923
27710
28092
17010
4845
26389
17798
22115
10348
18662
30313
2301
26651
3488
32293
19529
31217
813
24973
1573
3942
11255
5363
9958
12166
10923
18657
4930
2372
6973
28426
25966
16400
32044
2943
18819
26284
4871
9766
31014
7227
23344
28777
6760
32667
1504
29483
1515
27892
3179
22784
14407
14737
19909
10397
29355
25071
21573
909
20168
24084
10410
15654
18922
4130
22108
23996
2920
300
1268
26132
27199
24648
19197
26395
30202
30694
7676
16856
1749
3424
943
9120
6433
24274
26771
4745
30698
13099
16296
7713
31448
12420
20344
2143
23379
27825
20566
31449
25834
27670
16356
7224
1270
700
3544
6633
32122
19365
1535
31254
16206
10844
7042
18901
12157
2767
31080
31647
23531
21345
31836
2563
25403
15676
31152
12955
5103
1764
30627
23872
1745
13586
15071
890
14482
21951
19782
11322
26290
31103
25070
20428
13215
22288
14954
14343
22049
19763
29004
12487
22517
14010
19943
7325
10169
17635
1370
16836
520
21476
3274
25431
30181
28103
24814
31426
2141
28536
26321
9591
15208
1053
18899
6882
31761
27301
31473
16030
15318
14756
13639
8937
14674
5470
11219
3925
15385
3105
17532
24513
18404
3289
1107
20360
2798
11230
4376
1272
2973
10768
27648
28934
22885
29222
18869
22335
17642
67
11167
4610
25444
26570
7778
26349
24904
27508
16808
32661
26661
23456
32032
23162
7115
12010
1735
18490
29363
2302
7782
18692
28059
9135
8795
24144
29297
20035
24989
9421
20082
30481
20219
19099
9107
29519
31140
13755
17696
31013
28396
28356
18339
5
26957
9175
18439
31551
28844
22484
11773
8912
20446
4558
28063
15995
875
8381
3155
10012
1426
18291
27891
29240
7053
25810
10027
31704
2070
27707
28194
17048
18217
16969
19036
18939
14092
20928
10975
30465
21133
27840
4500
6908
24715
20031
24305
8351
15543
20406
213
3928
7580
10009
2227
22752
31709
16653
27891
9488
32446
2902
31125
4086
4582
17294
13336
3624
2148
7709
13978
27480
28911
22885
17984
5929
32626
4413
10456
13377
12232
26273
32189
7583
1475
20391
7675
22063
3700
9141
18356
5788
1702
14322
6339
28006
19116
8186
7326
9524
29533
26326
29057
25963
17500
21547
18633
16639
20381
4529
18078
10122
29220
17639
1236
27803
3600
28934
15635
22864
9689
13619
24118
31783
15574
15096
4338
11025
8450
26869
28600
27592
511
11731
30172
13923
31067
30586
27126
17960
26643
10884
18313
27809
19797
11761
27618
6898
31370
24348
2627
5481
18580
493
11073
1367
12884
337
15211
23838
30832
5095
27948
17036
12883
6397
29171
29543
28789
16826
20112
22601
21468
23196
20194
14766
16099
18726
23727
19276
826
4562
15827
419
12590
31309
32157
26068
27690
7139
1398
23478
26750
31288
10435
3623
30304
29242
10253
30112
15920
5459
28511
11533
4609
17635
5104
2267
30804
8685
21762
9298
21542
9489
9226
22821
20014
29370
30737
21831
25440
16280
28762
17153
15541
22865
2629
14146
13358
10099
28275
23094
11031
14510
6443
32281
5513
12352
25085
6222
24370
10160
9893
20651
3416
22719
7474
6936
16924
9116
4455
3928
1276
17751
4449
29478
29852
21144
19834
10884
17862
19089
12142
592
13231
22065
27836
2328
17788
1946
6223
27183
3332
11734
30558
32512
17112
4293
7569
2723
25473
10586
5221
21422
12808
10759
4561
4174
17340
27510
554
22678
31023
4474
26948
4886
2178
31813
24282
4016
31970
23003
10799
17575
20307
27591
16630
25081
31916
21772
11631
12015
15587
1118
8148
26098
16267
3730
12019
672
4507
3412
3100
13855
4209
22040
11837
30129
3607
7507
14412
22409
2756
23018
7909
12766
10150
31978
20789
12349
14046
20859
26902
21283
3277
6415
9851
3531
30350
14303
14863
30277
31171
1432
8985
15304
16789
5713
9379
22345
23798
4033
5595
10828
12841
24239
4537
32763
19333
24745
18914
9333
24950
22009
205
1640
17860
12245
28452
5858
5144
3798
6253
23396
19388
1452
21225
26169
13986
29711
1724
10501
16808
3576
26703
21921
10778
25362
12787
16678
9336
31339
8391
32072
24698
22128
14555
7142
3666
29976
5269
20702
18737
8287
17236
26150
2828
8950
31572
13849
3488
13625
8914
8206
15540
13921
29808
11055
7582
1531
17114
19337
20488
4505
8106
32095
3060
27335
27017
10948
16638
31040
1431
3945
15073
7522
18446
3763
28477
22240
20514
12304
22680
17335
23339
13708
674
2915
21253
159
11197
2642
7095
14665
8124
20889
25684
27489
12267
20198
32543
3627
27728
12469
1266
10792
561
23239
18401
4402
25559
32464
22810
23752
7569
11633
9743
9894
31739
29541
28888
12184
26495
22271
10194
26769
6429
18900
24717
4599
3176
25269
31205
25922
21201
29664
10606
31941
11304
20854
30742
28107
2144
23600
29189
18662
22163
9294
3528
29828
17733
14545
3759
5571
22509
30442
26227
31623
30130
28082
23068
16329
21874
10779
28194
4914
27400
32551
24019
26344
14799
7768
8692
26792
12386
5223
19115
1301
29094
32313
12445
25679
12043
2574
16723
5320
30734
6396
27362
22611
8963
5276
27339
18302
13073
19715
1056
16162
24446
29427
24808
19512
8236
595
8901
2542
25444
12509
26324
9723
20691
13591
16597
32559
15826
31108
29068
4686
14059
4123
23654
10526
17048
31224
96
32703
16717
5970
30757
21563
3769
21421
17782
5214
18506
25168
27599
7624
23791
7930
7752
17472
18977
26321
1209
4683
10788
32155
23585
30717
30602
21296
30281
23568
10746
15663
23716
17203
4143
30961
6778
420
2883
2491
29253
11009
3886
18232
604
13404
3210
12326
7374
31885
10137
21839
22161
11980
24712
28859
4572
13183
4341
32036
2001
9040
25264
25002
5471
28803
9150
1480
20327
14982
7076
24967
8733
32714
17890
24049
32690
8658
5565
6601
25136
28554
10049
26233
9381
10713
391
4428
30595
13945
20020
19677
29767
29959
10818
20176
5209
27222
29699
30143
3891
13833
14946
2935
25542
1633
12653
30565
4377
32339
20496
30027
16948
16862
31523
9271
28988
7323
25000
438
17887
30358
28237
9541
13043
2908
29241
20488
5977
5973
27908
9407
26152
28500
5639
7157
6663
13933
2775
2170
30683
9735
18188
16404
25763
7217
18759
15474
21151
25658
2419
18529
2488
28027
9290
3395
20252
25720
24603
5308
12329
25128
28363
4782
29836
9616
4379
2920
31658
2967
32552
10778
2367
14613
14904
23436
17732
11053
11187
272
29463
8669
13680
20406
9174
6355
5938
12222
26635
17026
19827
12371
17551
14710
19808
25462
28328
23524
16932
13880
4981
1414
12137
6444
11916
7077
7452
3356
13281
8056
12401
26619
4330
15020
22056
26139
18688
31300
25102
23456
12553
11171
18374
6709
3668
4071
20681
24317
7364
22905
29612
23756
16433
10210
12450
13976
25867
30177
5953
32298
21568
11706
22921
2841
32352
22480
4130
15865
512
6006
5093
976
29020
27139
4254
11721
6976
23588
13584
28973
23336
10615
9274
9102
13478
31317
3033
1862
15876
13295
1070
15392
7722
3740
7425
10324
8643
26225
15334
28089
11164
31251
12223
16182
1100
3017
7554
10873
19738
6357
10813
10732
6683
6917
1623
4837
30619
2181
15896
13342
24254
1527
29547
14436
23911
32453
25827
8595
30041
6070
26109
28609
30365
12224
11429
18618
22819
25374
6139
13229
22956
17570
21590
15652
24038
16715
137
5945
25561
25114
14438
2567
131
24610
10369
18528
12735
16095
3895
31934
1900
24776
20206
8827
26570
18983
30109
32580
29479
1577
23952
20683
19132
25137
19301
700
16082
29554
11611
243
10281
6845
24524
31212
28825
31383
6903
9594
3834
5007
28163
25532
31298
31439
27457
18509
22509
24304
27058
26044
27042
20243
32713
27964
32275
30765
7025
30364
26917
19618
23378
1145
18257
18966
3408
6322
4169
20863
30293
27932
15583
17791
18257
9335
1059
25330
25471
1953
29644
1987
23529
8970
26586
23555
17454
22632
9593
4412
17539
14508
7463
11266
3320
14900
6169
3020
3581
8002
21723
9474
6692
8365
22328
8535
21800
12502
28505
23129
5167
27358
15409
25158
4940
534
11544
3874
9288
17847
18101
15366
15010
3284
12066
13499
30932
7820
17739
32648
8920
27268
18327
31047
6635
9621
19915
30654
17809
7873
6699
26157
3545
24684
1506
4132
19170
29128
3235
3735
19870
19602
15249
2868
26070
23292
1884
19956
2414
4586
19885
18673
235
31584
1477
5751
15666
17723
25697
7517
14994
10272
30432
20374
5381
15027
31143
14083
12723
1289
28101
17547
8632
26719
12755
5486
8743
12044
8734
8918
23887
22708
1033
4016
20797
30399
16556
2233
32642
11529
12993
27356
18998
10971
3009
9147
8764
12315
5194
140
27336
29375
19396
24358
13855
30855
11076
30043
16286
14572
4016
8841
18174
6996
3877
32620
12502
9607
15765
8246
4193
28262
9397
15586
32386
10459
29462
13253
25093
23308
9873
6758
3368
5588
13801
20623
21594
16499
32172
18852
578
19588
29786
52
19715
26160
27081
18382
12479
29858
21960
28950
21338
32442
31235
29719
21888
18438
23335
5339
13545
14830
21830
13881
9179
27950
20348
20207
31217
26506
21203
13553
8732
25020
2148
13056
10727
10674
25279
7293
22015
29942
30349
21376
24562
14190
18036
29989
16695
21061
1595
8230
12143
12073
6447
2479
11754
7095
20421
21613
22637
31027
10368
24041
19250
5245
6165
30228
19505
14912
7374
13602
6558
23405
8492
25500
435
21992
29136
10417
10159
13697
19099
29390
6687
293
16149
20078
7772
26709
523
7986
21845
25816
20605
28468
7566
9389
951
18585
22121
20548
3773
19813
26789
238
27372
403
14372
31633
14303
31590
25329
928
4752
28154
29057
23114
26559
16926
23609
15858
17816
12646
2609
32224
28816
6011
11576
30262
16272
28086
7960
2085
853
9453
9243
25184
32023
20877
14029
11729
10344
24041
16644
29324
23648
14034
26142
18689
2039
9832
17034
11125
3506
20783
17546
31667
642
2406
566
4350
21481
27796
12485
25163
6494
32611
8456
8365
5363
15281
25911
22033
10037
17637
1008
23595
14931
13951
23677
16304
26755
16628
8278
25542
24994
2232
1510
31161
21530
31644
6290
8431
23817
4186
18936
17182
17312
9326
10356
188
969
27688
24297
16823
27660
10496
25022
15975
21171
6697
27942
5313
9772
23401
14501
15821
23728
9767
976
30554
1826
10438
24660
30192
2874
26673
23865
29446
18658
24503
30568
27509
12000
21274
29547
8749
694
1762
1141
15142
24518
21239
25762
666
12730
17263
17023
13426
11811
15269
10189
22526
4448
20363
15746
1000
8898
18241
4369
7787
17390
230
16107
28096
3970
9390
9798
3289
19195
24372
2589
6226
12246
5650
17272
10149
20469
19120
26861
26269
6469
8025
3943
25357
15518
12948
2086
25281
31722
17585
16391
21941
9098
23458
9222
14469
13045
22796
12033
31525
30882
13982
1215
16338
9513
23714
15920
1608
6565
18129
19190
5942
30044
27500
3109
17391
9890
6280
3143
20066
762
15274
30884
3404
10879
18323
16320
8364
14978
11357
31012
19064
4981
5575
31329
16270
13831
25550
15699
1261
31633
4477
31651
11557
11697
32261
9103
2572
16692
19472
2542
9907
14394
19283
32110
7576
28564
8290
7969
7965
23409
7881
9272
15417
30522
2392
25870
18798
27834
11454
23912
28155
13954
2138
507
13138
16780
31053
3886
10444
21022
7124
13602
28572
12273
22229
17647
17154
23955
17847
17201
20673
24330
29815
964
30162
21434
8696
13003
13146
26505
31899
28407
28634
24384
3344
22790
22693
17460
17260
15497
30616
29479
23163
13803
20741
4713
1367
31151
7664
13122
6969
8441
30334
8853
13712
8016
170
11453
29776
17826
30522
22715
23693
30344
7409
24211
1352
28620
28679
23795
1673
19753
12758
4630
24238
10321
5846
7144
16898
31285
13003
875
2193
8576
30013
5977
11835
12900
18985
23051
6408
29594
13046
1689
6587
11428
27562
28995
23210
10582
28766
18191
12492
5780
30448
28852
788
7261
12535
7351
15357
22793
27132
13524
31079
8654
21991
17055
28321
11401
9143
1899
11463
1723
10358
19307
17742
32210
13932
10263
31453
23723
29844
20945
29790
8788
19020
9417
9814
5654
13136
31006
26225
23731
4073
582
23906
29420
17762
15791
19177
12614
17084
