10000
3999
15835
29807
8838
8632
19181
20831
5259
29041
10670
3481
4003
17681
25431
14661
8172
653
26392
25503
16704
31147
15280
22080
15717
6503
28476
5535
14980
5270
14668
19159
3549
14793
828
31403
9912
628
19138
11719
9631
7504
4803
28232
29642
30717
22123
15999
28379
3052
12924
27890
31948
29308
14566
27044
7205
1123
8857
151
17522
2128
21399
7566
10996
13519
25933
32023
16279
2412
11043
28361
30244
17179
25938
3275
12216
28631
5621
3222
22645
25994
11364
3323
3447
8237
31421
1383
24329
19248
10691
14950
793
31260
7916
23398
3050
21623
2229
11710
30473
14568
1337
26862
10370
7067
5890
10280
9811
9191
23583
5392
10273
19758
15222
12225
20266
3845
31836
22544
6779
20629
31843
31764
27491
11073
30579
4070
11815
16522
5661
12965
31479
10031
13867
9405
17185
13208
8572
29545
24197
8052
9999
32119
3401
21666
19037
13644
16846
24397
31980
17447
18146
19292
5665
29354
5687
28937
32086
31382
29459
29903
14892
9686
7498
32394
24354
24255
12394
27610
615
5526
821
456
14573
8018
6996
25004
18367
29092
2377
17742
32660
24629
16550
17995
30372
16175
16508
13498
5306
3838
8215
16656
9611
5464
21480
32065
25926
1914
16067
31016
15212
10677
25419
32297
6114
2090
18858
11797
9797
11474
28037
2381
19325
30401
18478
8235
8597
30379
19228
29597
26057
29863
24217
18707
3297
819
14523
30108
29118
17272
8341
25675
21043
16080
29102
23520
3606
31110
29619
18340
23702
8925
23144
1941
27598
1619
484
3011
7835
8742
15102
16122
23723
1816
15363
1185
10455
25967
2474
19938
29107
27457
27721
2572
20579
22510
17736
30261
10672
26862
22742
4131
25947
973
24540
12397
12208
16755
30255
4061
31071
16041
14602
15385
10632
21977
10683
16258
13845
9749
10396
93
5708
2907
7237
6961
17316
27672
6400
15471
15576
32746
7294
15704
16187
29610
12744
2076
10827
3754
4471
1855
16776
15675
4648
9281
16519
9331
32043
6526
30018
9005
7035
6995
21682
25680
3827
7298
15776
26197
19390
12760
23992
7171
17936
22797
27871
2685
10259
9963
12998
2175
9253
8370
2751
741
14144
17596
22992
27245
28601
1629
11014
11965
3118
16653
26124
27304
1722
26313
21500
9645
24682
28086
26229
20160
16629
16648
29934
21582
16039
14626
25674
32123
25247
24318
27820
26798
15674
32464
29068
21327
7887
19942
8203
3791
18589
10195
18307
18153
10753
9932
8291
32040
32237
6994
30010
23978
23701
10002
25105
20771
5483
32521
7678
28708
25934
6379
758
15262
23806
18374
18403
16034
3028
3042
8438
32106
17072
6637
14911
21917
818
23892
16507
13263
28461
31220
27693
16967
19544
4338
17136
29958
28743
19687
779
5893
10394
31041
27974
15549
29557
10470
24828
16364
7216
12314
32370
10391
4175
30114
17255
10059
180
24361
21996
1193
8979
23780
29046
10786
10151
22642
10802
10238
14115
2822
31384
23715
3308
32455
20291
8468
389
16247
1280
7864
6474
32339
3365
12893
27490
11579
11300
124
29935
21779
1631
7870
11399
11113
28478
30400
27112
11096
11903
17939
30183
13740
12238
24456
22186
31814
20630
4522
11287
15555
16406
22155
12428
3672
9655
12484
12753
18176
413
22967
5707
15322
31612
9495
17010
24780
5037
15787
29317
2925
27265
8014
23676
23842
4565
29243
11838
6279
7398
11143
15380
26128
25191
5871
29533
19440
9425
11732
25988
23865
5371
24452
32560
25669
25322
11963
16314
3158
20714
18538
1252
20089
31965
30646
16072
9648
21460
6980
8206
20047
25564
32692
7778
5287
27
17259
22309
30434
27419
10134
11363
7726
31589
29291
11782
29470
28242
18098
9033
20812
23838
5253
18543
7748
2110
1876
5300
18333
27891
5420
7300
27753
22816
4920
25579
13776
29017
29576
13645
8951
23868
4113
20567
19495
3588
9973
1333
24875
21339
27653
4101
26361
12912
21380
18572
30869
13130
31278
31272
3891
6236
20089
30726
5532
13401
24347
16789
19154
21065
29388
19259
14327
25565
19789
16198
15723
27135
17833
19237
31541
19374
4539
19672
6308
3849
27376
29861
12085
10409
28751
12045
23736
21812
27062
27390
16559
12591
20582
4170
26871
788
16577
14936
29098
27557
14675
2842
23619
28799
19216
10814
25091
5362
7900
17577
17812
29968
29777
8225
26605
5892
32188
5961
9333
26278
15720
4563
14443
3916
18464
19697
14725
10210
4335
2060
24535
25917
8746
27065
9975
18092
26544
12521
2655
28880
28273
1631
24850
10926
15661
616
7299
12547
10878
15046
28338
21463
21529
27885
7064
4693
6993
6258
31173
10458
19165
7616
26184
17740
18906
13581
12239
21933
20
20876
15631
9456
20353
17636
29286
14859
18190
14050
6847
11597
29342
17770
22455
26610
27728
24756
23806
501
4865
14261
31487
12837
2579
18650
15555
1147
26220
27388
7442
19115
11457
25233
5852
31481
1300
22303
5336
29006
18299
15607
1131
18059
17956
1823
4043
12829
30870
13712
17252
10706
27705
5025
8827
13290
7705
15044
28433
8050
8679
11632
10506
5837
14913
7774
2190
16532
17970
14328
30640
25248
10237
30735
20301
15204
2326
29644
23351
1408
8050
6121
27027
22932
22528
14624
27008
25170
2680
2276
23802
5848
6739
16976
8701
28476
10522
9053
22253
18280
15844
1623
24117
25640
1563
12178
17711
20097
4990
9049
4676
31045
15212
6183
15956
25828
31583
22810
23895
13701
1719
11428
14917
28501
25017
4996
27188
19743
11735
29684
6848
25886
2865
1316
8112
4111
13149
3816
983
18057
12643
20909
8503
26769
23308
10930
1133
9066
28509
18549
8009
27050
32350
875
3772
12691
32288
12019
30711
28063
12541
30349
16593
29533
16674
6983
10089
17532
13643
9593
32013
28197
8910
24242
2139
29327
16603
10226
21158
28877
16642
26
25756
32490
4341
20128
13861
27191
27024
18055
21902
20964
20246
30095
2534
20430
26302
21417
29864
9112
17774
26285
30363
5117
7110
20047
23543
31332
25440
19536
5065
11445
29014
7409
30360
14700
4613
13229
24649
10732
4625
12327
8512
16149
22698
8034
2760
23576
30477
23856
6837
5002
20813
10733
2632
2744
17491
18540
17490
10043
27939
14386
1692
15052
30050
24546
12935
8537
2325
15353
4336
1368
22956
26043
3414
15963
21055
1646
11327
32228
24855
2757
16599
15995
31344
10911
9691
10495
14461
6386
32181
25658
15533
28673
15849
695
13869
11734
2479
728
12718
21740
8161
5411
5736
1324
24600
7389
29791
8474
11027
7898
2021
21329
8792
4755
5728
2093
2845
18809
2125
12231
22632
24713
25733
23590
8310
28705
4287
4019
346
28178
31575
20462
14566
30198
4686
20576
29646
27588
11153
18896
6155
11425
17022
20922
3710
16889
11940
17917
20438
19151
14282
8404
14515
3921
11059
18695
26891
29360
22049
12899
13006
14126
2456
25191
23493
18553
2916
11584
14016
55
6238
16120
22512
6370
23530
17642
26770
17110
196
19321
24013
4008
16125
9217
5854
10170
2880
26382
9842
32268
19290
26316
19283
30293
13305
9663
23623
12627
13236
9652
11062
29535
3916
8952
9098
22852
4914
4039
10203
20305
32329
25607
29388
32429
2540
5431
32560
9451
13107
19106
15218
2526
10610
8664
3123
1967
1539
5982
25140
22828
12614
26533
26487
8803
6373
31801
1953
26480
7005
14651
22435
26003
19642
16145
8345
646
30881
29788
4594
17933
1428
27690
24274
4558
7538
31854
19124
2915
16189
6317
26964
27822
7712
17657
5580
11884
29105
13603
25853
16653
7027
27693
5936
18372
17823
28670
19709
2522
24356
25945
877
3655
6380
10256
7003
5507
18529
13173
28704
26010
21296
28434
16751
7295
2124
13210
29821
31906
2615
7199
28773
26564
11901
30596
6604
31754
30337
28214
12736
1873
1403
12311
7142
17602
14274
16059
20437
6310
16199
10199
31165
15995
26978
17398
3660
7495
29138
19822
21970
13868
1791
25491
12963
24893
25473
20010
9917
19600
8422
5409
23722
29076
10160
16509
14248
29861
24734
21651
12040
8926
2861
24187
30932
559
23901
9410
18356
10159
20664
20575
8210
18483
16529
8680
2173
14111
15754
1798
6475
18300
14937
9255
12163
17227
30155
9842
18170
27929
17928
29184
16315
16340
10522
73
4780
24797
16041
732
14703
30814
3848
7764
19847
25566
17270
20871
8892
30483
13213
23808
24768
16119
27743
16048
24594
31518
5074
5600
20003
16710
20105
874
23736
32560
2582
23081
143
20142
20684
13230
837
20478
2762
15668
27767
32342
20533
20694
1576
12992
12484
12032
98
18728
5250
27684
30752
7091
6607
26286
25964
18515
5288
22841
13509
29849
4905
23811
4035
970
2896
28830
6398
29492
5636
22249
7979
20674
23382
25151
2952
32719
5126
32750
3963
16440
17481
6123
21877
11189
5065
5316
14621
7529
26350
10197
19115
14263
7516
7615
8593
31832
6589
22294
16993
10922
30400
14682
7147
22603
3425
11305
24485
30695
12396
30386
14673
16974
16700
4461
10713
13770
457
16394
2430
8111
18402
1959
30001
25651
30134
21829
11073
30848
23449
26749
6967
17160
26373
22127
11519
22041
17119
14588
840
14513
19708
24117
15660
12691
1252
3090
31508
18586
22486
11368
10966
29262
28172
29973
24353
6581
23871
24701
13851
31852
25710
2619
4936
3317
5340
17424
12462
20307
3160
30495
19255
25556
9408
9565
28246
13359
15560
8003
8941
30414
32248
16838
1391
31853
17396
20616
1858
31716
2304
16464
24423
20545
31683
1464
28252
23834
8779
15397
6465
3362
11858
14588
24635
7929
26304
24339
13334
13385
19057
18022
20270
22286
20535
3084
5519
26933
26659
24169
16475
12905
8704
6564
22636
42
7457
2139
17467
3103
9565
7318
27904
7341
8535
13562
16155
5064
13827
16960
2483
24585
17253
24805
413
1025
7836
15138
27519
10190
11552
18206
12597
26859
17736
13667
26227
23629
30735
9102
172
30379
10263
26443
17971
20253
4590
1409
14497
28648
10641
10698
32374
10648
28974
12838
4099
7248
11566
8944
11143
27487
6515
5905
21656
20243
990
115
25284
30930
28693
19641
25465
32102
10371
16941
21282
14745
24736
10489
29075
25858
19570
5275
13735
18206
20820
24979
9255
17059
13302
15198
3566
11024
26533
16040
31051
6281
25292
3006
15015
11746
7355
23874
104
1274
6312
30498
22037
13642
8691
458
25274
10429
7599
9625
26254
12994
5469
31378
15315
7584
24314
8277
24318
8715
1597
4685
16920
31988
23322
3114
28516
6053
18826
4754
16194
30220
24206
29715
9555
24407
7793
22109
22750
29890
4174
9134
23666
10925
8915
27789
10445
22514
20036
4539
32509
20341
6083
19047
9669
14333
22990
23201
5698
5698
30217
3601
23502
15687
21566
19177
11045
6377
21154
20760
29895
1720
2906
31169
30365
12551
4925
2795
4318
8255
5596
29562
25140
30329
29375
862
28443
2379
16370
29706
22666
19937
21953
21799
26070
19280
18367
12682
26067
1832
28429
100
11068
8264
27096
14009
10325
3063
13348
3348
28110
10544
15816
19832
4331
7740
8634
15769
15586
13447
25229
31052
29573
9900
20536
20797
16672
5330
31513
480
26533
4923
22586
22186
17670
1818
31442
3456
30947
17829
1807
3696
3429
10604
16914
19359
10090
4585
25404
23938
482
344
2728
12113
14456
19657
248
20409
9590
4723
9301
14802
22242
27211
9905
10832
24301
1237
335
21757
911
11322
16774
3687
4459
23452
4802
15829
22008
24742
10699
11136
1250
15207
30026
32512
3246
12384
14217
517
7838
16603
28026
31559
28116
32127
9979
13760
27065
26402
13400
2072
30624
20958
19729
28769
28583
32359
5086
6148
24798
23963
7153
21499
24748
12891
21371
30017
26990
1434
30577
32135
3168
8371
29840
3113
31425
512
22943
5984
10802
32680
16116
17849
6240
3256
18233
31686
29154
21622
7536
29203
8293
8178
5173
26459
1030
14813
19011
17148
23551
17566
30778
15273
8838
13987
19360
22111
24562
28917
29477
20890
14624
9232
16427
20680
15637
30449
389
23550
13796
9328
31615
2026
210
720
8479
23049
12729
10645
29355
15641
1450
10645
9579
6610
26838
2898
30896
26577
5039
1927
23574
19157
842
11777
19205
4141
20744
28336
382
8305
11637
14590
28180
14705
624
9567
1336
1131
141
23850
22970
23681
7095
13479
7821
22889
15130
11113
30155
29287
8256
18142
12536
19832
18809
31524
26251
3792
21377
5662
170
15495
7773
24776
10550
2704
14726
27335
14087
8938
23369
13381
121
15898
26478
10747
14119
8152
18712
10127
12534
19465
9196
29729
16982
2029
8309
27937
3524
31642
22471
21347
27795
1961
8803
28277
21741
9007
20059
31280
24853
21999
183
4749
23534
8909
17942
4538
30401
30342
5785
5229
3131
28319
20732
6265
5301
3227
28934
27039
12217
10609
1316
20646
26305
15677
10065
14509
3393
20278
32056
16065
25064
8672
925
24491
21795
28547
10489
14347
6372
19163
31588
2731
23969
30737
28088
269
24735
20970
30708
23110
12144
3903
5854
31759
17595
31917
28397
6682
25147
32397
5733
26530
19466
28454
19140
1862
18720
11554
5469
11543
3350
28223
9027
9968
28464
10823
21608
16134
4763
12866
17926
11455
25587
18410
23614
1992
4105
18783
3840
29026
22498
17692
32298
26620
26115
2602
4340
30983
2283
2195
9355
17670
30434
5658
3580
2532
32497
27433
29524
10123
19250
27659
16389
21170
6218
4699
14476
27126
1587
2749
29009
8493
26175
23244
11471
30455
10841
9043
25844
10389
22926
21183
971
6143
11725
23508
3928
22576
16107
17568
19652
21445
24298
8621
7866
16838
2939
20859
8976
23748
6337
3117
21418
4132
31064
7043
11931
4026
18326
20232
10638
3482
29713
141
29797
554
15713
15573
20255
14972
21799
25746
30463
8411
22094
22928
28394
29604
28816
3121
10002
24152
27964
32025
18385
10478
28983
1834
9175
29038
8257
1459
5512
9147
1402
10980
19360
9136
25893
6790
18713
23919
23467
7401
7246
12278
28131
32285
4448
26100
28304
28004
25561
12506
23852
28904
13199
23092
8676
16810
16588
7994
19171
9147
13227
27298
11987
3758
29381
24761
6305
14925
19725
29106
24705
25483
31481
26174
5683
23994
15075
6749
8324
17406
3246
23155
30231
24322
20652
5790
21349
4841
19903
24647
4611
27016
25279
26103
1316
3282
26396
24940
32606
17811
32453
11245
26033
21090
25928
27866
29637
10960
29754
5767
5491
742
26841
9546
31111
8911
11504
21715
16836
26321
9979
16316
29737
31618
21900
7521
4467
10808
14829
4594
29923
18881
22023
17607
24897
10068
16770
12531
24353
31688
6702
25627
20581
16644
21410
8073
23811
31671
10787
3964
7433
19785
15559
3266
9182
25105
4825
7305
20682
4040
4224
8819
2232
14397
7836
30952
15675
17483
2545
25520
25808
19208
23943
4289
18531
14656
15440
6997
18964
3362
32268
17728
2362
31288
4970
23169
1960
2461
30064
29463
13360
2666
9244
1814
32358
26225
30796
2297
22438
12078
19675
31290
17753
30458
17165
11808
26739
19074
9773
11993
7744
24184
12916
30920
7777
17800
17197
32
14866
17038
11287
13490
8366
2822
16907
30723
19828
3523
22238
14754
651
4581
11401
11704
30020
16901
9095
20961
4000
30642
10367
13370
27410
23329
9507
12476
26757
11040
30808
6344
2465
16716
14743
30978
28490
9860
19347
29027
8554
19357
540
21386
1009
14935
24387
31571
7450
21136
11199
5547
4335
26552
28303
18851
30223
21125
2017
30659
26543
19176
29491
928
30943
7743
29880
23472
27918
5580
13821
13150
22993
8550
5580
9050
5600
6766
12113
9267
6497
13061
23675
5927
13162
25980
14245
20794
14529
30732
24694
23685
4070
26824
2053
25553
15955
21967
2113
31844
23298
13766
2705
16923
2608
29830
439
31161
26209
18449
31482
11647
31396
20939
2692
30717
12824
24551
22281
28967
24751
25375
2217
29099
18738
27816
7960
8322
17541
18533
29436
32453
28205
1883
26262
26051
31247
3685
2469
11088
6010
32040
13447
24672
1384
330
24226
24020
15361
27103
13314
5011
20321
3876
11843
19933
28571
25200
13490
25820
10750
14951
1967
2684
20375
12145
31574
10877
9462
7275
17758
4295
16181
6044
25152
18941
12855
30698
21916
29268
29742
14925
18905
26278
6752
23429
21261
3010
21290
31240
22812
8199
16709
21567
27939
19249
7240
30449
3607
24690
14958
12288
8361
1733
26522
6483
7789
15231
11672
20499
16444
25382
29094
11290
10199
23687
2867
2984
19660
18947
14310
1880
12446
1322
4322
8787
7712
28811
25929
19140
30754
7113
7678
16012
23375
28146
3760
10294
5974
18957
22548
2093
17224
25074
16241
15916
28993
11103
8034
18167
17739
11079
21976
585
29567
2925
21342
5389
26990
11826
12193
15312
9919
13483
26415
8567
2329
10999
9855
3629
3907
20176
17970
672
22409
9311
23704
4973
23906
19797
2166
6360
14929
22071
22790
1729
28169
28153
30528
212
29140
15311
29784
32511
6965
18240
24968
5673
4556
9852
5391
14625
23675
26351
16506
1492
18887
25622
15394
29380
14209
146
11254
28853
32165
30075
24954
21673
130
11254
7952
7695
11803
21770
8311
27960
27342
13231
3217
15882
12595
19752
13417
15096
26951
29587
17268
15410
15050
24255
17687
18200
24293
18237
9066
8693
13584
14266
828
20458
7987
2188
8535
2344
26891
14730
5380
866
16080
7713
7122
7811
30485
4004
21140
18844
13295
6628
32681
13344
8025
22017
21120
8019
18135
26495
15450
25600
23130
20380
18002
106
21092
2785
2203
17030
16748
11512
9994
25191
21636
28349
30420
8442
18233
25239
12696
16115
20155
17161
22944
24583
16446
3972
13156
11868
30367
27520
30799
21054
15179
29643
9926
4627
13917
32288
4967
11921
10758
30459
8078
20270
32050
20908
14622
4824
22888
16042
1918
6375
24562
7211
27105
5712
14911
21745
10955
19227
2437
8551
3281
27671
31146
24300
5280
21708
31589
29039
13376
5553
27041
25404
15258
12959
7714
14101
12856
9606
14698
8325
32333
31071
8670
5745
31989
4449
32293
29680
28605
28792
11985
7005
25446
5363
2881
20394
29670
15484
26053
14326
4528
9294
6916
16738
11317
6562
12443
21281
26027
28266
18183
2255
13325
9794
25285
26372
4963
28580
20663
15912
11587
15707
10698
12169
6552
5178
14806
2218
7330
24845
19910
26847
1598
27344
11512
25878
5736
13599
16871
7672
2814
26350
13831
31793
15046
2426
1264
1803
25011
13183
19135
2370
612
29868
20921
30740
238
5460
9010
20631
23259
32358
8110
24399
8307
23967
25157
9728
4922
23038
29516
21441
3513
27769
3633
850
6273
12526
32423
13231
20590
17244
22787
12005
553
32083
4582
21285
7920
10153
14621
29207
28314
29807
23493
14960
8917
21795
20915
24519
12211
295
31251
29861
3429
16498
11086
10971
18246
20102
23090
28184
31771
27042
15437
3258
13208
25144
27033
25317
11559
16033
16735
15314
3046
18192
5717
23914
1006
3525
26121
29204
27867
18307
8067
17611
23945
2115
15654
883
13595
14378
13784
31597
13634
21689
2403
1129
4540
21060
27674
3451
6426
12709
21951
114
23239
7729
30628
28517
28230
10219
24081
16526
16315
28152
16614
19547
1453
19795
18305
8643
17418
26562
17378
25815
107
5897
10509
31641
2970
8285
16560
32016
1106
15387
25606
5788
30533
17850
15355
23432
16483
10239
19601
13022
4442
22895
20354
22399
16729
32010
8743
7794
18970
31542
19096
30589
5663
9978
22549
23538
1084
17260
8869
8140
17493
32109
11772
22778
29033
11667
13218
20731
3279
30311
6226
13483
16064
4817
20641
30301
22
26832
30944
5673
4435
13422
9282
17544
25317
24308
10050
4894
21161
22106
24895
10198
25261
30977
18793
9780
19770
27045
17121
17127
6674
24461
31772
13726
6390
18180
23945
32029
25963
17933
19315
10640
22462
31059
16168
8479
1862
32095
31579
4802
16873
6157
24519
2903
7393
5697
8213
24818
704
12758
25088
26740
25266
5079
1719
10591
25859
18162
9090
1000
18657
11817
28073
32078
20322
21451
7570
9835
22473
9379
3369
20617
4357
27503
5508
1142
25722
8340
28616
28635
32260
25103
7494
15561
5433
10159
6890
1941
23535
1921
25558
26342
13823
7820
1866
14860
7752
29119
21959
12691
23798
23336
26996
17944
29444
22375
3520
4444
24319
18273
19017
15767
7949
31289
5373
32527
5167
4988
28542
19432
10947
8603
29643
17982
27725
30879
5150
3185
24182
9496
4624
25536
21333
2902
28931
28954
3822
1756
26561
29744
26104
7698
5473
14543
14820
7738
32107
12909
30234
13221
3900
30210
29318
21031
15531
1561
24403
456
25580
9510
7670
25532
4277
8730
11119
918
22688
21301
32715
18616
22225
13083
1774
7182
2776
21547
5775
5628
7896
7692
1412
18580
22761
2440
18496
31245
15292
20126
13978
25456
6782
14546
24272
18325
9214
5576
2507
30286
10513
29201
21668
4066
8758
6213
872
7357
14454
1618
28952
19813
21902
19731
16628
30384
32592
3621
13561
7733
583
3062
19881
11008
12186
30
5898
3722
12850
11251
18161
31208
16159
22359
4224
29506
9528
12757
20718
24455
2
18925
31110
21599
4564
3755
23283
18017
2360
3967
13754
26503
13715
28232
13320
18910
28425
14258
12462
6786
13723
5570
28522
2250
19346
4271
10856
11712
20257
20980
6408
2004
5958
7587
21474
24273
22513
30204
14856
9231
20840
7486
15242
8939
3818
27069
11584
5492
30866
8245
2499
29031
15487
18526
17341
350
21298
12224
3427
7748
9015
3785
14655
7436
2056
1053
6195
17570
16430
23085
30907
24610
1705
19211
11122
16713
23442
13949
12504
18217
16383
32336
29778
15648
26919
31982
14450
9738
11975
18995
6265
18358
14532
17021
17178
2711
12305
1026
21121
444
30419
22119
26004
12034
11203
12430
24185
22409
31956
20655
27224
31844
3351
6826
13922
19349
29147
12443
30226
7480
2840
31151
7858
20734
15118
2871
31778
8157
16681
10235
725
13830
15400
18897
796
10520
6014
26990
8615
7827
26616
30843
14664
13967
31649
16876
2555
3758
8419
9357
22820
29007
26862
23517
26391
1284
26974
19232
24029
4167
16663
32432
7478
9576
25716
22420
2010
19146
29858
5459
13828
29519
9798
12810
12593
23313
31590
17597
7461
7251
21638
24043
29232
4279
7441
4709
11439
21169
5883
10336
5589
29499
2469
6856
2476
14282
22529
26327
24150
29825
16886
22503
20633
22181
21766
17796
6555
13138
20526
30662
4585
11884
32525
9693
1470
19927
20553
17134
7811
19691
11055
3358
1426
17442
18585
4844
9279
30996
4885
8899
9497
27302
21059
22735
6765
28030
9599
16145
28172
27834
4544
13230
32334
8929
9920
2445
3159
24345
32606
5920
24473
10907
8512
10114
17050
25189
32700
451
15608
6446
9721
31360
11946
21919
19537
17334
12424
192
23802
28375
24078
6321
11238
21790
27741
31642
26087
23072
12930
24292
31511
15525
1787
18090
2167
27061
5751
4458
1238
1526
6110
27649
13557
8501
401
16854
10984
18498
9203
32085
21695
26881
19752
11423
24166
15550
23069
24191
27338
11457
22728
19361
26685
25890
8113
8190
1052
2527
32433
30875
431
16940
27897
26995
30800
3594
22615
8113
15568
6683
31157
29731
31254
1461
21219
492
15625
20277
14742
5497
30641
23190
5040
1974
16280
17986
10433
22913
19319
551
11470
9055
29710
23822
26706
11629
15444
31784
8579
17306
9424
28906
10966
6676
20039
24859
15045
22016
12183
29996
28880
3694
25315
199
11202
22924
19952
6570
5429
14873
10703
4278
1624
285
11709
323
10736
30680
24903
27319
32669
26104
22962
2135
9311
18447
26265
23389
1112
19011
29144
6986
22996
23368
5801
125
7558
27531
13325
7429
19476
11440
32366
14260
9431
25919
21634
23924
17884
11418
23410
7390
18734
9011
9788
8201
18263
31483
27734
6304
25380
25630
5012
12856
17065
12781
4427
32480
6533
19483
26295
4601
10343
16429
15514
15688
21969
1836
25126
9289
17436
21405
13085
6598
2237
31667
10551
31657
26822
21442
7364
271
16048
3319
30866
11933
27991
27719
25873
25879
1094
28069
11957
15918
31029
10104
27548
11162
6864
588
9329
3177
8378
6343
1168
11415
31954
21471
21866
25310
20917
5963
18731
16591
12932
4663
22683
2338
4071
2108
14402
24651
30289
9871
10448
27470
390
14713
9916
20691
10587
22023
15658
20605
19389
19458
18
25720
6133
29729
29087
8529
16170
11902
22229
18443
3624
9543
16247
15983
21600
10166
17704
24995
15407
12611
17872
26366
30819
28952
7489
16155
27387
26053
8731
12076
10542
24885
27116
5265
175
2272
6300
1706
25136
9795
16137
19177
21797
23437
3310
20267
22730
4252
23049
7752
22119
11303
19069
744
2258
27965
4725
19609
32054
30958
7434
27423
4372
28744
6759
21515
4487
8837
14634
26256
24524
12162
3854
16785
16129
11891
29895
16382
12077
11478
22830
3937
31105
6565
20382
5300
20958
28880
23966
4982
12695
15082
19392
19198
20343
13602
32201
32270
22790
13686
5649
6315
20744
7971
26669
26668
14151
31584
32460
6546
23954
2635
14559
29207
3590
24612
16893
30218
26252
25273
27141
29145
3491
15137
8197
6512
9312
4013
5210
12737
6578
6684
17945
30884
17131
28174
32686
16098
23932
956
1731
26764
24064
23269
868
18322
12413
18956
25184
1168
19942
19936
14066
2539
19172
27900
24480
9501
17365
976
29284
21069
18966
3295
13322
26147
13949
14636
7897
2522
1322
27886
15477
15767
7808
29835
22276
21753
12654
1476
17808
8689
755
24877
22444
16852
22241
10209
9307
16558
21985
14707
16429
1754
5303
11816
7851
17615
8391
16739
8949
20797
13784
16480
9130
11609
281
20773
26120
9076
5473
9654
21589
13267
29883
28553
29565
17339
21282
10041
23548
17099
30345
31870
14846
14991
22559
605
6341
31825
27344
27548
32076
24882
11023
27513
5162
20602
23507
3740
30392
45
5343
8265
19318
9183
1607
28634
17835
32200
5424
2669
18508
1563
13783
15578
12319
7316
9941
29160
2336
30800
29089
16576
13092
18914
21590
16289
14780
17315
30902
28374
25436
31817
7279
20453
15293
24508
3742
32010
7551
8741
9874
21731
32531
26951
6098
3693
1752
8210
18273
18735
10884
10357
1600
28085
24006
24437
21813
29248
5162
10108
5579
22460
6716
27891
19610
29426
2544
22802
22728
22015
24129
9975
17616
28165
27161
20214
5250
10528
13937
31793
13388
14492
3001
104
28087
17253
10874
14866
1332
7358
30522
8364
25881
21302
7584
27473
31207
11224
28376
1419
9166
23971
32569
18025
24947
8506
18213
7633
6128
26844
19249
11288
7196
21653
3974
30672
24846
14006
23176
13793
28636
15492
2741
22492
3240
3885
975
21643
11486
256
30525
24269
8887
6876
2991
32416
8706
7657
10241
16512
547
19847
25954
28400
24924
5508
27829
2646
3403
24722
17207
29451
21684
13048
19042
31155
9857
23943
30482
18890
8711
23760
999
25216
31883
14484
8938
4551
24581
30588
29299
9642
10019
31498
14666
18400
6801
22480
11788
14241
4984
32224
19920
21944
10053
17795
1547
14042
16555
13358
13745
12342
18923
3505
18845
4685
19539
1458
30771
1540
10500
9562
24644
16375
20217
14670
3889
32273
4677
23521
12884
858
2204
28552
30619
1551
3861
7566
24950
17400
23854
11528
4596
12534
18705
17932
20777
29660
8470
29982
21202
9599
16008
747
32572
1553
13740
29754
17249
7338
18175
17951
11348
29992
30144
14961
20960
28729
26542
18559
21612
22966
29203
1535
29218
14643
30721
7239
30545
4308
32220
7616
3599
32354
5656
20375
12578
29341
2884
15285
17953
29396
27464
7922
8918
6324
22507
1925
487
17502
16536
14271
10933
13500
26977
8442
20613
31252
25412
2764
27870
30429
22957
14976
6449
25298
22845
11974
11200
1094
29642
17321
7096
5047
26023
21186
28832
32165
8229
9131
16631
30372
23897
16567
1049
5553
8480
992
15203
26818
19297
28673
13975
14241
8082
10822
30594
26873
25982
10208
30940
15793
1861
25597
23663
22138
20644
12791
17532
14244
13174
32715
23642
16182
13691
7374
21600
16701
27481
22683
21765
15972
9440
3664
11590
26821
11922
28666
16456
27391
19555
9805
30271
9609
20925
6297
13454
22086
31431
28921
8496
24153
27367
12494
13654
6714
29830
26987
25425
9
3603
27922
21427
30755
6218
3104
32177
9204
22966
12932
7884
1804
21364
31093
21937
18036
21307
357
25693
29250
26265
10288
23940
3435
4991
28570
16692
18393
31232
10232
19638
7869
17238
13101
437
22311
550
29656
10401
1748
26629
15564
21078
8006
29754
21697
7417
12058
32709
25161
16419
19863
19105
21509
9282
25731
28231
6424
2364
19514
22899
15836
85
28161
14634
16596
15698
24727
29436
13282
734
13069
5255
32186
11822
23000
23612
20375
9697
29221
16230
9005
12330
20332
4455
21726
29744
1864
12357
11824
10933
28550
23142
29823
16886
17019
4504
20463
30931
23963
12117
7845
13616
20040
3652
2103
6555
8424
27906
25952
7727
9786
28195
20473
12472
8938
22900
28452
8216
7523
643
21451
22249
15844
30818
31049
10595
29910
25255
15974
14976
23389
12215
27273
15455
557
30789
4905
4070
8863
15381
30085
1964
26115
23558
6293
21014
14136
30031
19264
20160
21115
521
21199
21278
1917
25326
23970
8803
25016
13920
3617
7329
11010
8365
12790
26930
31843
27025
31098
8280
20772
4860
17260
14368
20520
19734
20713
14476
16256
27520
30104
31472
22073
16349
6182
30877
24696
32146
5874
27837
27082
2761
25865
19838
25013
25276
29524
24691
28307
27952
14864
28215
25248
28479
30335
22867
1873
31067
28893
7265
13031
30352
24214
29554
23621
16649
13494
13486
8446
24534
32417
7226
29107
20973
3332
3935
22684
2670
4363
6888
3684
555
30677
12491
20794
615
6693
26892
12837
3294
5210
18911
19607
1286
23201
23309
7238
32405
23913
2200
25911
21827
21015
6306
25115
29137
29691
14475
11487
24650
20867
25946
5503
7049
31151
13150
23323
12795
7621
14613
31564
10150
31558
8524
3000
14698
8736
10376
20964
25991
27429
2469
3402
23904
12988
7613
10156
17535
11223
13131
16295
24792
24357
24720
16779
8274
10888
21814
618
6019
21705
28468
4463
23995
2443
5873
13169
27205
20861
9900
15560
22249
23252
24859
15712
11189
9721
15186
13068
6142
27262
32231
13852
15521
18519
340
21553
27534
6471
2460
3408
136
30360
1330
10038
14118
18191
13078
19179
8734
26911
29761
8346
10178
19805
19523
23968
10187
5428
21803
30947
11862
2522
10919
31077
22572
32642
4204
4889
19526
30932
22488
1525
28305
7834
18646
29512
12270
24508
4611
7502
8061
19822
1039
17665
8475
1960
7269
6707
27945
19926
8974
29146
15760
2002
24530
13995
19457
23311
10913
18410
1410
8215
23346
14976
5926
19511
23530
12366
14363
9080
25599
14785
21738
18130
7389
30118
32763
29341
14025
25408
19288
328
12484
6808
28594
1613
22450
24341
25769
5476
16571
16460
20040
2552
17138
15641
25551
25303
13364
7407
13238
1581
27987
29548
26862
435
22900
561
30058
6948
5302
27888
17886
17649
24085
29638
25287
19253
24717
10188
8875
19691
6018
19945
20898
21855
21087
25578
29205
10722
7038
31700
31430
8130
1608
24952
13840
3705
10397
15945
9841
12837
17270
12139
5189
4664
24264
524
10452
16497
23724
2551
14991
1035
18366
18022
11927
17716
24770
18712
4991
19648
12174
5028
22867
11295
6948
24333
19161
24972
19742
406
11286
3208
25679
26328
8724
18055
15015
19985
18403
29673
16983
17087
5342
8491
15926
878
30767
16479
22883
19150
19862
23257
25132
12040
3942
2860
11311
2898
27088
21333
23999
10178
4963
9013
11402
4959
3796
9029
19832
25726
14843
6021
7126
21324
19999
28341
15283
25255
13683
20936
15242
2866
23008
18326
31010
7336
20741
16593
19891
18800
2429
8250
17738
4210
23904
4884
25966
31018
11788
19929
18180
22010
27941
301
1904
197
14042
6928
21757
17849
24938
10327
6783
28780
9703
27229
3639
12075
17979
29942
10230
16527
21608
26788
17029
8016
32532
7438
27717
8286
1860
20397
11027
14126
17256
10953
14190
21586
21400
14500
29404
4685
27421
5877
7561
9381
21299
32407
3890
15674
2829
29571
30529
23509
10522
12540
26682
15364
24967
9737
12885
21798
22021
5672
20845
8386
4812
12865
29208
6941
23775
15833
21016
12811
13714
5256
32754
5637
14154
9133
15836
8572
12165
11360
3036
19053
6682
25000
7471
21046
25025
14062
15592
10152
2517
29362
26073
12125
9561
22909
4534
26187
16186
1303
888
4762
6099
15353
4352
30387
23478
23813
12285
15002
14250
13173
18959
32637
28144
18194
7213
20877
20683
31910
9540
27660
17983
6835
26656
935
14616
1637
1168
2823
6958
19654
27589
9635
23784
19505
13308
15576
32255
4617
20317
27451
7044
16554
10786
12846
7973
4512
29691
11697
29612
18456
6321
14971
25288
10131
11274
16970
16
17122
19694
8823
17733
14158
17351
24781
17367
10263
24622
8859
4011
3616
22979
6664
18204
12264
14428
23975
23616
21948
1891
24139
876
3627
22649
28445
27386
5819
22879
5099
8265
15578
279
2499
17926
19223
6214
15809
32682
22162
8413
9765
13892
177
24824
12712
6777
277
5383
16657
1993
3021
3371
24323
11540
26569
14819
10777
7772
18833
27623
9525
13260
17975
19284
25108
23033
29321
18954
14886
14185
652
5458
2461
19282
32038
19141
8388
27043
22555
29801
24467
14408
4155
4124
12160
4522
4569
9782
20375
28790
1406
13162
9933
18592
21727
27117
4242
29095
31757
3546
22437
1562
31468
28886
21292
23643
31462
20720
23044
31907
31968
7882
86
14406
9069
28414
21355
17977
27970
6843
1985
2257
29675
21423
19806
24781
700
12074
15972
12695
6665
27776
7142
31431
12954
31407
19706
10985
21849
321
21519
3968
23374
28788
11905
1611
27085
23705
21099
21446
32494
10426
16061
17140
8766
17535
20878
29276
3508
338
22707
29265
25319
17090
4240
6263
16509
3621
1326
11395
19431
15746
2446
21058
844
22958
14653
21725
27586
24500
14377
14171
28612
30074
9395
11879
481
20898
28677
26452
22449
23215
4262
16478
20749
16745
17227
22067
24447
6786
19953
2738
504
15225
31016
26866
10433
24255
13234
2694
5556
21273
5196
25087
3244
14917
11724
3763
26682
6880
26988
7613
26266
18823
23398
23621
17125
27965
17857
7938
28295
8972
15722
8956
32500
1263
9606
27543
9111
6128
29959
16845
14347
25998
31357
14523
18062
17505
4655
23391
3763
5121
619
26528
25687
28707
29210
14990
31445
7941
11671
20972
28798
16141
11714
1772
11843
30637
5456
26169
28597
12681
6245
18746
1840
6620
612
5270
12882
29975
19974
16371
4786
1228
937
2820
7887
1227
20971
962
8007
907
5240
16889
3146
6603
15648
31751
24397
17784
21293
22752
11523
27602
31987
9046
7049
18123
18344
17048
2273
16815
8566
7160
30113
2314
14799
16881
2028
20935
15361
5224
15010
7061
6154
13874
3284
29327
19885
31703
17787
29723
28101
14229
8041
6930
17882
1704
29055
5922
27122
969
10017
13169
4265
757
7399
4227
30084
14959
13717
13662
13699
32008
15182
15340
23029
27038
24836
7328
1424
13283
30771
23900
30657
27231
11983
10131
23105
23993
27003
2475
3305
3378
3579
26533
25543
15474
20972
24319
2929
5767
25010
8665
1945
555
29619
3416
32738
2885
7107
32584
20210
1459
29406
12037
1993
19783
26397
3483
25937
18191
18403
28972
22582
2010
25175
3986
9975
17399
16920
3142
21566
27712
27180
7552
16237
7256
6713
3232
13177
15920
29687
5581
22523
1744
5349
27356
14468
12372
30779
23923
22065
5428
13600
29806
30592
4297
27934
28801
10850
18701
32467
1055
11410
17827
20713
17051
11812
30743
18760
2702
8801
6502
17545
28536
4818
193
8622
26282
10395
22414
13841
15203
24587
20144
15771
3641
6768
14600
6966
25530
560
12091
32133
1620
29973
8374
15314
16242
26857
30192
32584
11240
32323
10223
3170
12177
13728
28942
16547
19510
31413
31485
6280
24498
31236
11785
20923
3412
29870
1438
32137
22149
1672
3594
6038
9899
4720
28547
29903
22093
18658
10860
7841
26999
31942
26836
28264
3424
14988
2368
32043
6474
21883
18090
15238
5802
24390
8649
17895
5257
15841
28563
18686
18986
21394
12545
2670
19693
27979
6162
27081
23923
27447
24082
28091
4099
22419
20252
12677
21548
24511
11998
18093
8108
25493
23196
24308
16529
3833
19575
21129
6814
12721
25584
22140
21488
18808
6056
30581
13538
29261
29801
11430
16173
12561
3434
5886
16468
19537
16847
16544
25407
10081
31600
28819
1317
21418
19163
26299
20912
19524
1180
5128
27228
4040
17340
8941
7457
3167
30087
25620
28241
4639
21138
29520
31171
16280
26877
10451
28465
7337
7158
10913
11743
22425
15486
12868
17277
22626
8048
23233
21071
7760
21695
2764
8843
7115
25599
20280
25347
1137
12839
14769
23811
16745
29845
6061
8061
32755
21842
5536
25955
3651
11416
8815
15189
31375
29585
10024
10364
10343
21602
26352
24246
20549
31592
6973
13811
7525
3521
8261
30431
24022
26895
17846
14529
30930
4216
6055
22178
8011
27378
13262
16307
27334
14013
32500
9961
24172
22064
20135
21994
32350
22969
23343
10028
29002
27424
3523
27483
24636
32267
32508
15868
2230
27079
14729
3409
13570
20549
5413
22908
3783
30307
15814
28390
32731
29037
15127
8162
5464
19940
3113
16782
6386
4990
11109
28666
21639
19053
3782
23949
13304
26084
30789
12708
14648
14296
10900
14971
30370
20996
22030
30289
912
30767
20975
14279
7977
1969
30144
27018
30074
30772
10006
13617
15049
22968
28540
4457
4389
29658
11950
31567
27714
27221
15624
24349
26500
2761
4669
29705
16986
10171
17484
3946
30413
9437
29360
13085
7769
6288
29143
23335
6395
9896
19158
20123
10891
30831
25435
30655
588
30188
25059
1898
24770
9317
8749
26544
20419
20002
19950
16833
8401
22388
28102
6927
9639
25846
1651
19887
22290
14099
5701
24578
24066
24264
1745
32660
13025
12203
26346
9028
18211
4909
205
6310
27935
8476
8348
165
29213
8556
7950
32621
7856
23350
1124
9096
4422
21761
22431
18502
9981
27201
28144
30563
26296
23069
20080
3556
8819
13173
32273
10306
17107
16932
18388
6602
28929
24962
21821
29508
4793
22573
11013
23763
19614
8458
24078
18204
32465
17798
5276
14250
28609
11554
10177
13457
6469
1582
31001
4946
19432
11220
20664
12031
7299
11609
22369
18848
20498
23200
248
7380
14784
31216
31546
23996
16196
2806
29868
14356
30576
15118
20433
1187
5895
28350
5792
16086
8144
1155
16949
32168
1512
13521
10951
29636
16220
13141
13274
15086
29175
30077
2230
28319
13145
16954
32023
23023
3913
28421
26150
15544
18509
28192
32680
27641
1655
4638
12662
20856
26753
10917
18733
3756
11037
24179
31782
18137
23174
26271
17833
21629
16987
3873
30045
28139
4013
8341
515
32054
22871
5948
29796
12112
653
19268
32392
32371
11192
28233
4905
15296
9601
539
4455
23591
6700
11458
22718
3206
24872
3519
22836
20757
12516
30869
29655
13313
8932
14472
16230
18263
15891
16805
1359
32292
31579
29442
2777
8411
30835
20039
31395
24822
19704
18541
589
20448
13760
6086
30837
15635
2667
9022
7909
16253
12602
30432
21770
28201
1317
24988
20137
3099
25127
8263
8909
11132
19421
14819
18180
3063
25167
28961
19146
14434
6414
28452
26438
10145
25727
2952
14132
25799
20854
21923
11043
639
15110
17162
3552
23979
4760
10071
11570
29514
28219
22826
31431
19871
20795
10350
14703
19600
25333
2526
2696
19788
2025
7111
28601
30000
4369
26639
5348
9196
30066
1910
30293
20705
18928
2588
14144
22478
27494
18756
15466
30892
3830
1623
24358
3798
11422
31532
19587
17261
30732
16262
25796
16123
23476
10206
12048
7766
10783
355
13675
11976
31110
20288
23781
13676
23967
27933
3601
17883
29623
15080
16825
27656
29953
13781
17872
11625
17198
8867
20136
9560
9021
11554
10342
16568
6805
8434
7346
23771
8785
8077
24755
19875
9435
30599
7994
3816
31164
277
29501
9498
21426
9165
26248
28968
21763
27052
18607
31648
15890
17245
29255
31511
27184
25016
18517
6603
3764
18570
5127
16007
28750
32404
674
23751
664
32470
25020
4125
9710
20237
27563
1747
30592
24442
14397
32722
26533
6117
9642
24514
2675
13794
19910
8563
22156
24659
23419
9596
17978
5166
21623
9506
3775
20096
11042
19579
25062
6066
11475
16339
28126
21515
8259
4174
3912
32119
10306
25551
27023
10887
16040
21529
22904
1720
23439
18740
30202
8184
7359
21267
4943
11622
362
18035
31819
13146
3610
8454
21997
10405
27879
30929
24884
282
24045
31442
3891
16717
3069
15591
7016
32666
6547
26347
8266
30313
31240
30498
23073
2993
27401
9687
3098
29115
8776
11331
15259
17705
881
29361
13780
19510
29280
27104
5015
15167
5521
5033
12137
8835
7384
32481
16857
26919
24658
14977
6160
31101
27547
1028
6314
645
18753
13585
2756
29364
8825
13402
21334
4085
1809
28100
7364
20718
29094
5576
7343
23428
23575
15385
27665
19617
30777
29063
9609
11572
24781
1315
15859
14458
22191
7332
19260
22397
24144
11273
11636
30170
20837
4224
20005
5062
14561
21127
27108
14675
801
21329
6181
12016
27239
26987
1364
7983
8074
12447
4897
1484
3308
4377
21275
4074
17835
16840
3968
20895
29980
18951
22099
29875
25205
18045
15024
17573
23753
30017
16477
15343
9018
19778
9633
30347
7530
9447
32601
11702
30770
11250
23368
8436
31383
15530
23727
4180
9977
18489
1821
11253
31886
25171
11145
7369
27919
12312
11166
2713
23217
15932
1878
17226
12887
613
26826
26462
30214
3028
8777
16318
19353
10056
21159
8374
25526
31263
9175
32321
19712
22719
22460
5511
1934
23604
5949
20388
27805
31514
14232
16811
16001
10686
27128
28138
29922
17792
2377
10864
6436
20348
31307
20685
18215
14953
20965
6937
9777
20416
13757
21048
28200
28705
11013
12635
19717
13044
18328
8906
16517
10572
31045
14818
14369
18448
22378
3673
4929
15708
12997
23754
20397
13605
22408
4205
31812
20764
13739
6693
17392
22485
25478
14529
9433
24361
11935
5755
10201
30169
11969
24517
11313
4211
3918
14150
7034
15738
725
11039
6622
25793
5351
3954
1671
5656
20007
25125
24664
11050
24225
7139
25307
16550
16989
4708
28539
19101
5171
20463
5876
18476
736
1053
22279
23130
7258
29151
24690
16963
25441
32450
31007
2679
25431
18290
20124
24477
13905
23933
19659
23644
12654
4698
19675
19579
11112
29610
12406
11078
4456
23741
15676
24884
15903
16728
19569
1224
18194
5558
8946
8885
13365
30668
1390
20805
21948
32210
23762
4859
11310
19966
32517
19576
5819
25491
28630
20891
15311
9498
11827
19948
24551
12271
24987
3131
7844
32000
31701
24964
14877
17106
8931
16150
29818
14533
30514
12276
10175
8088
2579
17788
4069
13103
6255
14150
31535
27028
23989
14927
21691
9021
4888
21335
15704
12429
28408
10375
9879
20636
14493
5719
9253
3387
17451
2991
26455
6195
27346
29004
6407
3534
21318
8294
1439
16537
7791
11408
20339
29287
19553
1247
6996
7833
28046
12366
27489
14749
29754
10593
7201
2485
14896
7433
14287
31994
3764
4296
5109
8352
24760
13333
27965
7547
22867
24834
30083
24002
31342
4124
2094
16404
5569
17299
30913
31672
12286
11675
12205
6697
9291
5649
2410
10706
7158
17250
11205
3606
11876
27305
17788
4243
15691
27415
27656
6056
24865
22680
3002
9780
31189
6579
7689
2209
14268
7346
6699
21282
12494
26628
21474
5432
22034
2527
15513
26235
23895
11050
15023
12439
29477
18841
2835
23189
18675
23834
24849
14684
21402
27760
14443
26999
19978
21789
3500
30232
21564
19078
28857
29021
10856
20562
9641
25043
1143
13331
18390
10553
25019
18984
9012
18566
20702
29154
14306
9517
12312
9445
7167
13215
15781
5585
12223
11025
3191
8738
22462
9856
12584
6997
12692
22259
15154
11085
30377
11009
20066
22516
331
3986
28810
27173
10237
11754
24439
15306
25362
19171
802
12609
28795
11129
20522
25093
27102
8844
11906
13450
232
11234
14439
29032
21987
14444
26006
4540
7307
4042
30395
19659
797
27408
13612
10473
4018
11467
23255
5018
26571
23103
13946
17654
13869
14835
24594
29266
8943
15216
4501
5148
4561
3141
30691
17159
6863
32334
4090
28776
28918
9014
25706
32224
11127
16699
16138
30780
9466
1329
8936
31129
25908
5578
8838
30412
18620
27668
26179
31745
23322
5443
30487
7329
5921
16817
8579
6778
384
17699
1224
2074
20883
27726
8792
27259
7295
19354
394
7654
13949
27429
15249
529
15990
29707
943
12683
2001
17125
32678
18521
22153
911
1136
32226
8578
14895
2863
5640
20253
23922
29287
28056
8202
26137
24427
9700
15453
30645
21525
13230
5860
1710
19642
21832
6840
8074
31325
13306
22291
13164
27939
13476
7521
3547
17159
15268
17818
22469
11983
26618
3278
19396
27455
2474
16898
32671
28300
22370
13626
26388
29204
10077
7383
29653
8779
12167
25891
30416
2809
4322
7723
9907
5027
12840
31693
28592
8262
11698
7185
28798
10828
22168
1981
18592
26040
6426
8483
7145
18084
14911
30014
28480
31469
15035
8957
17057
11309
24854
19679
3172
7657
12043
18624
31170
31756
17967
499
6293
28052
32723
16784
20063
16268
15402
20751
16526
15418
11439
11030
4606
665
7617
11920
6592
29194
912
2047
30490
32326
20029
17683
9934
32663
18749
18043
32159
21320
2559
1019
11282
24665
12750
22207
12146
21624
1784
15855
21526
11565
10544
20867
11495
24917
25905
22361
9244
16081
27556
11908
2376
20607
28484
1256
16535
24681
28224
2820
30548
27197
10976
6670
431
4606
5996
69
17854
29432
14666
26499
22465
23289
18278
2577
11178
17854
2007
10688
32733
11436
12479
32053
25908
32449
20594
1925
2118
21705
219
3586
8169
13781
27164
8276
9461
32745
22645
26315
14155
18677
26983
10995
21526
19462
5145
20073
16721
14014
4346
9198
21130
27394
25768
24250
27365
2290
4625
3090
24675
21790
14296
19229
9316
20214
7418
14068
21867
2947
28849
14072
7714
10325
16792
10600
1438
27325
28688
7219
5347
24380
8163
2058
30123
3386
27944
16826
28259
4859
26727
5561
24439
15824
7677
16894
9679
29322
11457
16918
1690
31284
12263
8565
2122
1794
37
18442
23775
1412
4117
29974
16745
3615
26587
23613
30408
2750
1031
6366
14263
25797
7101
27552
20489
20295
4627
30285
14641
376
5818
27108
24584
30053
14817
23273
30667
32482
30550
12288
32355
20164
31982
24250
21994
13905
12328
27311
5994
16117
14093
23245
744
27191
2138
6383
12449
11754
18145
28593
26515
168
27693
6787
15679
2684
1637
7165
25262
19935
3442
20083
17074
23782
4964
25288
21870
28345
21522
16775
19736
26951
26625
559
32766
13112
7816
27855
13255
25123
17201
14803
11772
6402
21089
1054
11719
10979
24892
8537
13050
21984
15555
21642
13906
10832
1087
3816
14078
29247
17123
13038
16731
11548
19629
3502
21250
29618
25229
31336
16388
22618
25033
25691
32116
5998
672
6875
29990
11264
27182
11172
18103
7372
5007
14190
6605
5484
21575
29889
26016
8139
32737
21771
20922
4572
28375
32752
5115
908
27826
6369
28639
24821
20850
752
15108
27860
18992
5858
2790
18237
5378
32646
28653
19597
13343
12358
25003
24737
23620
10748
16478
31301
8790
519
4029
751
11336
24477
20209
24238
26943
25442
4577
12381
5364
11578
16306
11804
2650
29788
6798
6657
10626
26025
29861
13066
21691
15419
13938
12886
18685
18496
6720
10389
21896
22537
16620
20414
14024
14174
1004
9472
6268
14613
10384
24314
791
32483
22664
5166
14438
29553
935
9651
17268
10930
3815
16939
16299
7285
29868
5365
6971
27958
14925
30116
22720
14650
24272
11183
5151
5595
9973
6761
20144
15648
27255
26932
18083
6032
18062
31730
23964
6216
22968
20413
21153
8012
27833
4056
21302
22043
11488
30437
10182
14982
23437
20568
32581
19393
5872
11819
7700
3515
8211
9940
29733
22187
16923
12148
24159
6891
16075
26193
5956
11018
25673
24966
6865
6173
12325
22009
421
12885
9111
10894
5990
21975
11528
19354
12385
31175
19156
21147
624
13734
19279
22054
1313
12511
19974
30240
7444
12444
27207
30769
5797
14302
7907
2166
13259
28109
28466
29302
20800
15949
20824
26200
26339
26833
20935
7763
26458
29044
4101
30821
17147
10310
30896
22600
4589
15075
24767
26018
10634
1099
26122
31356
8456
3821
14605
22005
2393
32005
13288
26423
23631
19240
25259
17579
26372
8477
24785
9065
13177
9455
12298
25331
13693
1088
27710
290
16081
10208
206
2656
32393
17823
17181
23064
4021
17503
5711
16235
23361
9837
31824
23077
20762
28177
14360
17391
15506
12387
25902
22982
14342
19041
10347
14763
958
27711
24065
18588
17428
28414
26812
21700
27353
10304
1671
10223
20468
12379
20017
7744
15692
20140
14961
5414
29161
46
26152
18060
24662
19530
24039
25680
11337
23537
10929
2039
11141
1769
31234
19103
28160
19300
1807
6452
4417
25559
10576
6375
25357
28425
11324
12252
5954
24171
21588
1571
5379
7847
13666
4842
7957
11899
15875
2545
23433
6088
7267
15678
32412
32486
24648
18193
7387
15419
32338
4122
26763
13324
6273
1514
24135
24722
12279
5544
9451
16977
9215
16133
9393
10917
8783
21361
6554
5278
27786
13712
9488
13
5897
11495
8905
735
9435
8668
17646
1194
9482
21981
15229
22662
13600
27615
27372
10526
3306
21770
30223
27399
30588
30130
7995
18768
23925
5770
17580
16474
17541
30228
31780
23273
26668
3676
4565
17788
20420
25318
28289
11226
1473
27365
10464
5358
21560
27565
17986
12500
10910
22379
28277
19764
4307
1044
5865
25551
19294
20123
26898
30551
5371
32359
26638
12932
4435
32004
6536
32100
23818
13849
13788
31987
24318
13210
9083
12523
16078
19006
16786
9181
9370
27188
17894
24961
9738
26642
12802
10059
1170
21006
9109
830
8436
9584
1046
21765
18438
30791
23465
25920
15541
27483
19270
1820
9034
30820
29208
30758
12780
28793
16931
29281
19046
16075
2090
9365
24875
17299
10960
1259
21911
23369
25853
12727
8056
26135
32643
21653
30157
25485
19970
15287
21198
30358
29449
7549
31020
26027
12157
14918
24217
27462
16703
20615
8075
27290
5385
5914
24637
23681
20377
12760
16119
2230
29202
21609
15248
24388
7583
1883
14385
1598
14937
17266
30555
28593
1387
22335
15148
3031
19059
19188
27102
27533
19500
13943
23440
26375
8267
15797
13641
7363
678
10041
30010
23739
25499
16637
5187
21471
13744
1920
24761
3010
15991
17176
30311
4756
28341
3978
30674
24400
1474
472
27842
17974
1075
24666
27133
4476
12727
8464
26198
4673
14911
8759
24806
15810
9826
20762
15514
10960
13055
13099
29934
898
19492
1362
4087
16167
12078
25989
29095
14462
30770
15001
29773
29738
7836
20056
27227
11104
9494
19923
28012
28387
172
9210
7813
30258
31533
25193
15259
28415
5332
11397
11862
24804
10535
22728
30741
31058
23328
15449
7986
21450
3211
21728
391
4687
25775
17560
12337
23067
10800
21670
14483
2193
29748
29097
32414
13427
30405
22162
3152
20309
28279
22966
31355
31569
28490
4129
22216
26877
6865
15149
11003
20890
404
13396
2425
24974
13236
19267
17159
10005
17613
18991
10708
22835
18208
5228
1466
2797
498
4924
7617
7864
26415
25829
31461
3634
3155
518
18457
23056
10890
19754
29579
13911
27158
16542
29994
18128
31986
11904
24166
32693
19637
18201
5942
32433
16312
22893
27744
28680
22907
527
21237
21521
14917
15418
1306
14573
16907
2334
23566
15475
23187
8568
2921
27242
11482
25957
8610
19195
17842
32376
29140
13669
28079
26634
19138
15091
14404
20945
7960
15916
3626
4277
756
2633
14081
4574
8868
32492
9786
1042
5810
9230
3892
11070
14621
14905
1189
4690
24554
6904
10044
3922
8411
32141
10117
19882
639
29665
7948
21187
15979
13249
1221
12499
30918
70
16555
23545
4363
18325
8872
21897
28682
18633
16565
8613
30512
22062
66
15117
29961
1968
20184
31031
17155
29075
19965
7331
28789
13156
30296
30057
7903
29487
30229
22548
29556
6386
20107
21682
16853
24146
29980
25644
21536
1677
31581
32724
29737
21168
631
22333
6663
1546
32206
6223
25555
3808
2272
32154
15020
10082
21615
5867
18686
734
28386
29
9732
23348
27625
31282
23180
29322
12128
6819
8955
23872
24438
1267
4752
10278
16910
25226
31725
12013
2405
3265
17107
14044
21493
7482
31533
8644
25498
22642
31056
19766
20468
9881
14209
29171
14348
3745
13495
6052
14138
26517
12451
28876
8518
13356
26862
13050
18893
23710
15298
16195
23270
15030
21387
12015
32518
11304
16383
6259
25121
7974
8284
8352
19986
19758
17136
11289
26173
6182
24031
17674
18035
15786
17697
2327
2326
21669
16842
13203
30845
18718
28302
6131
28569
19029
15748
8322
11737
24335
2858
9558
8780
5166
25258
12162
29190
31108
22363
31885
15812
24809
6027
22051
27347
5003
7292
4619
29485
29062
7084
20057
230
12213
7513
15845
22726
10183
23621
6395
22584
28309
21175
1620
2658
9394
6338
4165
6294
13636
30665
31287
6633
30483
22339
2647
1569
25568
26300
7055
20437
23032
10524
2996
27087
7177
17708
23041
15285
819
16214
2500
18921
5986
173
7511
5293
476
20269
15698
29323
3606
6979
24575
27124
11468
18064
1294
20007
11600
18410
22922
9044
8483
20643
22540
3585
7618
22286
14639
20910
20674
10816
18499
8884
6687
29460
28742
20339
8402
18034
5392
1196
5537
11472
3277
12588
6203
17144
19888
19627
29316
22540
9190
1523
7726
11464
969
7237
18569
14344
19543
26616
18588
5258
3554
22115
15220
31732
10504
23805
15036
29465
23014
10179
24974
2936
905
1754
5001
24069
20389
24438
14884
9005
30346
9210
27713
3092
17235
5985
13318
16673
10337
24540
26344
10684
30728
11452
17416
24918
5511
29587
19651
32170
12862
2198
2948
2627
27419
5702
15581
23871
23126
14416
3799
10578
29022
15793
27270
28942
12051
22045
31712
16225
1589
11938
27599
18783
2076
16777
132
23873
10154
23933
6159
17070
10367
10223
12588
28730
3691
7864
30304
14893
8489
23808
32581
24197
22602
10079
15394
4670
17263
835
16319
29648
17083
23954
23416
1786
9096
1168
16783
7614
30041
30978
8647
21165
11024
23188
29742
30820
23650
29560
26170
8791
15239
10064
7703
10957
4918
18766
18496
23084
24784
7577
9037
4983
24284
2547
32267
10773
5043
14746
23506
17620
14460
14443
13075
29229
3163
18765
31281
20938
26598
31693
30354
30533
9433
17670
501
27187
11786
8132
14854
26465
19359
30697
20015
18269
32638
25871
24498
11832
1541
30830
10229
26763
20220
8704
22812
6584
711
28900
27869
8050
26592
13057
21904
20096
15493
14315
17798
27837
22702
15114
156
3172
11330
14585
27664
11402
28042
13356
20627
17132
3046
11478
671
4843
15039
20489
25866
30165
10428
8735
31196
30822
14137
10330
30046
29071
17909
21959
1907
30325
26378
16232
20267
20413
3875
23441
11414
21511
5609
20627
25814
19384
6846
5784
19576
16893
8622
28878
27653
26381
31906
456
21203
26542
21719
32545
3105
24058
26767
18530
27235
16227
20743
25893
7387
27637
25768
11899
17257
17115
2433
10124
29860
24613
3061
18813
27177
26568
19889
18071
18228
486
24802
2213
11629
27728
25508
28317
5124
17738
12221
3459
5375
29582
12939
30859
9427
20371
315
21630
26674
29198
32060
14942
7205
19386
7411
11597
17498
27220
11441
10155
5055
3818
7138
895
17232
31062
10887
16920
19244
3334
2790
30452
12783
13054
19327
23008
26172
7455
7491
17505
22169
20137
18945
7763
15232
3583
28449
32208
18354
9130
20628
32339
13007
2721
22539
4893
21028
30151
5223
22744
13252
20150
19825
10875
28634
4539
32716
32109
9277
11041
21800
18669
20037
14771
27831
31921
30430
23164
2021
19149
25818
25041
28484
18647
18828
9618
9157
11337
7058
15532
12334
9766
5106
22498
11976
8673
361
6094
22360
27514
26111
1058
10577
234
4831
2100
1608
4801
13926
6330
20648
30734
4218
26321
25255
6527
16669
17477
29049
6089
25921
7436
12483
12618
30174
10771
19026
10989
7491
16702
32269
16463
30378
26282
32296
24352
27662
821
23451
12747
9793
25664
5843
15705
17209
26803
10407
5778
18090
32578
6029
29286
30939
23023
27918
5516
10162
31440
8055
26473
32272
32275
17362
11315
25957
17727
7188
10838
9595
26556
21912
16151
13974
3222
3020
9847
31167
4478
25387
31322
19293
8978
20587
11496
9221
10846
24567
564
15251
13218
4511
19739
25210
12885
7310
29552
1368
18027
12157
32086
3790
26324
295
13292
7054
5445
17661
4912
13493
32570
22554
4893
1116
12348
14969
3095
14441
14687
10342
14985
1963
29200
26674
9677
3367
13837
8235
28236
28076
17589
18635
18150
31662
9602
3888
7572
19793
13780
15308
14155
30915
17392
29022
17188
27343
23368
22561
10427
2991
9725
2371
5588
9762
1954
20120
3909
17599
21827
2704
2320
31113
20133
23655
18895
17347
15568
21659
7509
2054
22987
19875
6802
20112
26023
15582
183
15327
3262
4042
28571
30591
829
26998
32605
29984
31200
21562
31564
21483
20477
15269
17411
18454
9924
17079
7384
17078
14789
19024
26744
19413
8371
15337
6347
17093
24167
27778
22046
30899
24871
11227
8576
22911
22569
21479
30316
5836
595
27774
12201
2387
23109
14162
13167
15484
17305
14372
10955
22575
7529
3384
18500
23783
24082
11270
25023
26121
7224
22066
24992
26229
10507
23230
21298
4954
8136
30591
3657
29006
3714
28365
17958
14238
7202
9599
32666
32226
20397
23831
12911
26581
23749
24121
6659
17252
6515
10082
31030
19717
291
29654
21894
3658
26864
11994
28025
2742
18722
10020
28220
11983
16373
5776
11401
13684
12701
21012
25805
30577
10630
13814
18059
22865
24800
8764
20219
19316
3675
7013
14072
4193
25391
25430
30745
15708
22880
7831
11549
10556
14144
22975
20876
15735
27701
813
9371
23935
10940
11513
13136
22609
25518
11050
19944
6218
1731
25130
27766
1341
11348
22903
18124
19652
3173
26266
9118
1235
26338
1117
8933
23699
16681
10809
1922
20333
7369
14350
17444
3684
2953
18967
20331
5033
17581
2332
846
5225
8052
19177
3002
17642
5861
5888
10363
8918
15051
25483
18016
14807
12799
7828
13210
5731
12773
22392
29542
23258
3897
7321
29932
10958
19468
24916
12646
24737
18185
51
30084
16726
28669
11619
23055
8865
9623
28008
12238
14144
8300
25615
25254
30094
3901
4004
6148
19542
18557
17510
3200
6629
13582
31800
29882
6499
22604
20121
25992
14947
6476
9430
1876
5816
12645
32382
6335
31370
25584
23063
1162
12970
25421
5647
3767
5411
1831
24054
23787
30738
14328
30698
24087
2743
13263
1618
21847
17611
4177
4559
3099
24596
7677
28527
28548
4152
4277
22308
7441
27855
4474
15989
8826
16827
7544
19316
29916
14780
22082
29680
25367
5951
10078
7403
1908
28535
25860
20046
31884
7087
18467
20188
22885
21727
27557
15461
14557
11645
12020
29756
20556
23957
8637
24555
22885
5404
23796
31268
21341
18562
27928
8187
24400
11142
12728
595
15328
20046
22070
19350
9247
4279
18379
19882
5551
24554
19659
19488
16935
29232
8490
13998
12217
29959
15424
26591
19730
24949
9161
15369
31874
27292
28720
5248
23133
14991
26125
6921
17057
29028
18668
22929
23000
6794
19280
31263
7488
3165
16375
17160
15914
26104
28768
9058
19616
8010
15499
25530
30026
24429
26624
20234
22163
3378
14354
26597
12551
19969
18277
32245
30463
26336
12974
14247
32641
13265
698
25637
24674
10593
30642
10629
13229
5246
6557
25407
19529
3209
12838
17637
7637
19372
5023
5390
23511
24942
20807
5268
5142
29572
19656
26111
18500
234
15620
2368
19168
23347
4625
16291
25435
18974
23170
27647
32122
3433
3561
17199
26619
12522
24730
24774
26235
26331
1201
5119
6807
23670
31830
30963
2130
15554
24895
12815
14774
21932
17783
21956
17855
4953
4446
25728
15988
17851
754
23262
19031
25698
12876
13338
27903
17557
16237
28871
17156
30114
3387
30148
13595
14194
11719
22380
26242
16224
25553
25869
25247
16203
23950
2203
19940
25322
3241
20134
7669
14176
16263
10890
7437
12561
24527
19174
15518
17331
31274
4687
31543
16552
29511
2117
25003
28555
3619
22117
23408
5385
10119
9697
28229
23538
19154
28974
5399
21647
1016
7676
16934
32311
4811
29547
19556
3869
25465
16508
19485
28268
28758
18117
10973
5270
28892
15722
27279
17896
31216
72
26594
23395
29543
16243
7153
3527
1737
17123
8482
30448
27477
5738
32590
15717
13125
12777
803
7727
32339
29124
9415
18663
13691
29587
16830
16915
13315
11035
11790
16307
441
17276
24737
13334
636
8363
16106
31474
16125
5411
19404
23732
10951
8152
15799
23573
2941
18029
16404
494
25955
24486
25571
6989
4384
25120
930
7624
24259
2880
7793
9745
27139
29289
28277
17611
971
23666
15994
3484
21750
25431
17116
7300
7767
17966
31143
1389
14844
30045
22013
25091
16819
12043
15032
29125
32462
16340
2129
92
1828
15297
16897
1580
11096
17271
3621
14122
6750
10670
5607
29677
24122
3301
2075
20743
5643
14676
17255
10389
4425
26403
27559
27157
12363
10457
28303
7288
11788
7703
15250
18040
14126
16006
13059
12588
29247
20750
4219
14554
23868
25417
21626
8204
9299
21815
29009
6374
21997
19763
16191
30902
6124
10277
31706
18893
16945
14842
22704
12174
610
29265
23855
20676
27882
14711
8130
15417
8001
6550
6717
31620
22381
2089
7547
18466
9417
25523
10309
5832
5637
31153
9590
27896
2158
10445
21853
13523
31855
29524
26211
814
4952
5610
238
999
6751
30333
19077
121
18149
32631
9268
13519
2042
15160
10290
26198
4386
17347
10945
29014
601
23223
16982
16514
20822
15746
6906
25294
22541
2513
6384
13184
11383
17994
3736
18570
9621
25470
2451
6935
12723
18713
31528
7780
25066
17244
16358
14545
20200
25806
19083
21304
15092
12334
30245
29309
5420
7851
17271
3942
16913
22104
1438
8365
19782
9434
16885
2900
26773
4707
18229
27961
23603
8421
16353
30186
19525
2943
17377
16826
30626
6716
11628
27413
21467
24060
13612
17936
10873
26802
6557
31300
7045
21968
21943
28381
10574
14080
10956
15598
12646
14613
435
7176
30446
5441
26406
32010
8723
8840
10089
18234
22745
7028
19756
27541
21784
27659
1971
16996
7107
7166
15412
26384
14704
10531
18049
1591
10261
26149
11494
20991
16912
12667
19285
4267
26219
6294
14784
31084
12893
15199
29127
21369
29716
992
30611
2913
15025
1601
2562
12960
10133
7415
7684
7537
25819
5432
10565
4836
25893
32690
12
17200
20636
31100
19043
30794
17202
333
21624
13495
16427
11500
15939
13470
32475
21223
