1000
1105
6123
6617
17230
18656
17227
16343
8000
30858
25097
29093
6648
10554
31161
2203
10562
13334
3892
1343
24156
27897
20538
8796
31925
28195
92
7764
28148
19503
11545
11958
14140
17990
27976
21011
21422
18067
12214
29710
6192
18166
23823
6067
1133
28157
20738
31754
9501
30736
28320
28395
27527
16619
21509
16915
7748
338
28987
5752
18245
5375
1627
29146
17176
23776
19701
21147
21862
4479
20658
13776
26305
6594
15160
17304
20380
14804
5966
5549
21659
11875
20289
19512
14350
2060
27270
25834
1208
23315
20128
2120
30164
5976
1861
16710
8282
7302
22972
21272
16766
24206
10121
8517
22137
11860
25676
24061
24973
31399
8935
29356
67
7543
32223
22223
14072
2370
24325
18695
5527
27344
27221
7787
6568
4896
4126
7203
29066
15778
2659
3891
1276
1703
18817
5780
26339
9749
5139
21385
5191
16991
24083
29744
9374
28596
6978
19543
20301
12151
4297
28818
27244
1008
27168
1930
18121
27713
5423
17816
3376
23707
10675
18067
234
1713
24548
14822
19332
1645
23125
5349
13778
18146
18203
16225
29234
13187
7217
28281
23573
2450
29467
8628
20668
24027
18378
30285
1344
10913
7872
17614
32213
31193
22132
15584
2639
32662
10232
29538
27622
14533
6873
5816
2102
25114
28743
15718
19850
23370
18805
733
11353
19067
3395
26260
18961
5112
20763
8539
20756
31274
18712
25837
512
31172
878
14788
27188
13885
29446
28465
25488
2691
3432
20907
16763
4590
32734
7016
20267
15730
16342
21290
801
18714
31369
3420
3058
9649
10202
17245
6733
10946
17537
13596
3130
9412
30568
2277
23968
5006
9813
7546
522
11537
15818
16998
2986
30789
12330
19086
17311
5220
28700
11529
6003
87
27188
10289
32744
30317
16849
6906
17652
12371
21825
2179
17162
10049
19756
31211
5531
9329
15151
12902
19165
13781
3015
27024
1227
23305
20337
1
11117
32391
7951
25121
5209
3866
8078
3389
17274
19861
26822
27355
10512
8900
21409
30283
248
4515
29568
24703
14126
6606
16090
9757
30096
7737
11046
19409
16100
9249
16380
13544
15133
32322
25975
18459
6362
14411
29149
22184
10288
22159
14978
31144
4777
15869
11241
22940
21644
22610
11565
5193
23391
18573
21151
13510
28075
17315
9137
29139
16383
24949
30739
9836
23351
31231
12315
14494
14334
25298
19562
25242
13202
8388
10445
4616
16840
25062
24161
20893
79
21430
4347
28912
3896
10646
11206
24201
21174
26493
20782
26683
547
17645
509
21941
10308
15397
16324
4435
30926
6551
11901
21306
7977
8092
31086
675
27251
4711
32593
16759
31432
16439
2481
22045
21441
22993
5015
26511
30778
12078
25446
16308
29529
9329
31748
2026
29388
29468
10554
13281
22097
2946
11102
3760
22652
10880
17967
7714
13493
30568
14080
20561
28288
15934
22041
10103
7681
6695
26458
22528
26047
9246
24097
3300
30120
31209
6254
17971
16213
12619
21829
1522
16272
2940
27220
16165
275
31958
31958
15149
15507
23761
16823
26964
14845
21041
2297
19623
22272
20350
6230
31748
22219
13237
6439
26739
24344
25405
7556
23993
18025
27932
173
28971
6033
4203
9896
21185
28279
13831
24364
13419
4631
12938
28606
15272
28617
25722
2330
12628
23494
704
11220
25537
15080
12123
16447
28426
31153
8789
25998
24484
29839
246
15417
25398
13662
13625
12195
31659
10799
22908
761
26757
14664
3195
9565
14964
22124
16767
4420
17703
32092
24787
15132
25442
13725
19576
21299
16721
892
7449
24276
8476
27216
11073
27827
19899
25599
14540
26762
12300
29123
20124
20997
14882
10798
8845
23260
7392
26732
6570
12350
31687
201
15009
29558
4877
7794
9332
9673
1007
11904
23922
2973
15176
31794
3686
19169
9825
25210
32270
18600
10763
14012
24782
2583
4075
20690
20646
7298
24086
21587
354
18642
19678
7957
1296
5674
20203
240
13495
24522
24461
8389
4422
563
2896
12991
12491
25483
26321
25561
3045
23364
26577
7841
16252
15609
21640
3387
5807
2712
15675
31912
28942
4550
13329
1353
22794
30847
14115
7326
24233
31997
210
29780
2687
27868
12893
19071
31961
6011
3251
3876
3387
16293
11141
762
32269
20593
30368
13169
6289
22886
15738
30708
17688
5603
12554
21611
29558
958
12253
25861
26547
19756
6247
14132
16131
2529
5527
13305
16632
7032
6574
32609
20727
10516
31568
29008
5097
32328
26843
2941
7730
20788
9721
4286
15847
13297
18289
8582
13627
13616
24899
427
31035
29725
23283
27501
18620
11146
24101
5045
12177
30793
4970
17306
18945
24281
8538
11049
23672
21574
8675
20838
4988
20042
480
17806
32739
7864
32493
30111
9027
7706
14202
19994
8363
27033
287
1800
26000
14366
31023
16955
24330
2743
912
24278
3905
15420
11210
9744
5921
13362
7261
13620
2134
16623
8280
18668
4980
23807
25383
19904
26229
25543
25261
23002
20329
31080
18323
29708
30569
10727
6111
19476
18893
906
30664
18462
23455
12421
27848
2954
26447
21461
22260
23280
12455
11629
5257
353
25858
18832
967
6896
19385
16254
22274
26737
23263
17234
28406
4225
1070
3883
12123
29127
20032
26506
441
27257
3587
16123
31358
14625
21607
15608
21582
23201
25689
11274
13722
2420
17653
4913
29812
16952
17399
32390
19617
29033
31859
15135
15344
11888
13767
2611
30923
10204
11981
3966
14092
9455
10581
32487
12050
16476
18898
19809
6931
16463
8019
26895
7859
12206
26549
15531
19670
7326
25623
552
16307
8266
20879
10390
30507
5088
23067
20807
29016
5851
4571
10288
12648
19080
21629
7057
10412
26307
5880
14041
13804
3074
381
9412
12030
30358
26026
7366
10390
30509
25858
16300
28768
21658
23450
10113
27980
31449
25364
11950
23082
6989
465
12902
3702
8781
23139
21569
18805
9695
28481
32551
13185
12739
20159
13168
2464
5300
15165
24137
10076
4842
9118
16474
25295
8675
32764
10150
28414
4451
26265
178
14440
17850
27929
745
28638
26437
10735
31807
14228
11063
27158
21
9849
6553
28417
32092
5572
29840
18644
32766
27855
9439
8404
8569
24361
20396
2076
27853
20711
31111
7827
14745
21818
23208
9754
17025
31559
18552
22026
31442
23858
22612
733
26473
9596
8077
28203
32465
32400
13491
21209
21675
8344
22035
397
5203
29077
22910
