1000
11746
32486
14431
29144
4466
5508
19419
24481
17570
9875
14354
24337
4944
1992
4082
15150
20737
24807
13636
880
28883
13283
20537
29968
22963
12359
25926
2435
19151
21972
32050
20033
25678
10860
4974
27082
10303
1839
16036
29163
2000
16611
18322
30525
20673
12185
8729
27120
3864
22925
31889
15302
14101
17743
22880
25442
11112
14112
26315
9411
29602
23967
2316
17164
14058
12709
19108
32646
20209
3437
9970
2535
1832
16120
25349
17877
23600
6575
26799
2470
20369
19275
22490
14954
9136
30706
16927
26923
5115
24994
17557
21875
23911
7891
29671
30991
11036
9304
20138
275
15214
9863
10733
22558
20752
5529
19473
9695
17540
14676
10715
26584
18902
12263
31175
1890
16010
21525
4511
4338
5075
20117
16973
28826
10502
22201
9710
22483
10829
26191
5159
12409
18336
25797
12476
16663
22513
3472
18526
26213
15527
5581
28613
1551
6478
21801
6399
7864
13197
30207
4872
6463
3928
28865
10138
16193
7014
22169
19270
31455
486
12112
5060
17345
29038
28270
26760
23898
29236
17315
8597
19054
7040
19045
2198
6610
15713
23771
28715
28788
21152
3578
21889
29851
20210
3822
16421
32367
7537
955
21530
12731
25421
2852
18985
25842
23231
32204
17016
31088
23103
10395
9566
2307
23543
1635
1654
3242
6519
15555
15858
24732
4010
24652
11314
18828
32521
17379
23446
24364
15374
22374
29840
32752
25580
22931
14333
12820
18813
24869
29621
5600
11900
319
9568
19755
7412
3342
16268
31774
29944
16043
17661
18234
661
17726
11844
29340
12293
32361
19860
1664
10277
24292
9424
7429
32042
20068
25064
15664
10127
31426
30054
26418
29009
26201
30532
13806
8543
13744
19969
14774
31564
89
19444
28757
26440
10520
14047
32339
22094
328
28103
3444
13983
15227
8451
29826
3182
29025
20628
3148
733
16619
1204
21999
2344
17583
29873
22100
20512
27535
4092
19194
15324
29589
7549
7158
7595
3106
25898
12088
19020
25416
6104
271
24674
8820
26961
9712
21282
7760
4262
6515
3407
15847
8903
32414
16488
23819
31568
13670
13344
11763
10150
26995
10766
24105
2115
32292
10662
676
7246
31699
18536
3888
11119
25178
16983
23831
16865
1237
30381
1274
13001
21162
7373
4096
5318
12743
17785
17459
27849
20011
31813
4134
31527
680
7499
23003
24300
16103
13089
13541
883
3756
28936
17354
3123
9819
7526
18603
13020
6332
119
10535
19363
6651
11071
27004
25561
29683
10947
25327
11971
4011
31608
14703
13478
14369
20732
21621
30753
31303
1540
24366
1471
17996
18582
5084
8653
13852
22136
22138
2153
7466
24040
25246
29660
17773
22157
4260
23850
32168
26286
30217
10983
23791
10402
25877
16971
24423
25735
4029
11913
16461
4663
20935
21085
13626
14200
26159
22500
28325
30323
3018
21169
425
24680
23849
18461
7944
24735
24512
4574
15217
21410
3655
20188
3326
7849
25185
22080
513
23382
8572
24781
5376
27554
28920
23667
8702
2584
30091
7713
8444
10817
484
26076
27072
15711
6286
26894
25813
12125
17688
22304
19923
12295
4211
3146
27361
7287
5275
26282
23927
7375
29561
29076
28777
18990
13577
23338
1825
28892
20664
26668
4651
17096
26128
23057
11512
3637
26774
31574
18651
19632
17139
17942
2392
7749
13651
22747
13726
1266
29451
11700
25426
29788
17278
18311
16014
2497
10817
18857
4906
46
23165
11692
31546
13554
31125
2936
22231
20562
29961
10141
28963
26238
28571
15336
30343
9412
2480
11829
8255
24324
2296
10627
14617
4452
9041
19790
24441
10820
28905
26393
10401
12405
18851
27210
2351
6565
4541
6714
9959
25886
14767
6797
30643
20145
30038
22975
20968
11756
28241
2560
20939
21908
30124
7234
14420
1871
30907
29072
10034
20384
15689
13985
24078
24088
10483
7597
23828
11723
6094
27263
4272
4610
1616
1228
27285
31535
4717
1219
3076
2086
6144
28133
25931
14217
27757
3095
28300
19844
32132
9973
23999
16827
22441
32618
32250
18817
22322
19325
3056
21067
2321
9326
15289
100
32435
6914
19409
1506
6440
26139
18786
26072
3971
24459
27078
30669
13444
17194
7495
16237
16244
25639
16170
27775
7249
19611
1773
5911
1835
31588
7884
3085
30414
13360
906
15789
6817
5592
4461
11440
28622
27376
25227
23916
12707
26780
25156
11591
10553
20388
14864
7281
8275
9163
31611
24531
31624
27997
11117
20290
16293
14600
4783
1017
1613
18924
30635
15174
9698
12789
9587
20867
4265
17513
25605
26952
12072
5821
17870
4831
14803
941
28268
2040
21992
25740
14008
20382
31128
29912
20996
24170
23399
5137
22689
1783
28885
22987
23461
20117
16446
12291
26090
31298
2559
26543
3674
26582
3290
31640
32618
1917
27036
30060
6117
2410
27132
10511
2283
5066
11975
14899
5433
5367
2362
8232
21931
1519
943
7157
9982
12548
23933
21671
9435
20693
32281
3561
22033
7036
9089
11477
28195
3593
20442
32522
18434
3120
14935
30719
32283
10302
18270
22679
17300
10065
19430
29941
25299
5577
8228
3217
1345
32762
17766
26763
10317
8995
9023
13376
25523
10916
8164
17436
25854
19819
6102
16047
17483
24496
30913
23554
5713
11490
932
12075
24478
11745
31283
11807
19747
28525
15226
27592
22003
15583
5058
14423
10824
25366
17336
7132
5063
8117
716
24339
11013
4236
216
5761
1609
14163
11010
25536
17812
26014
14307
24856
8158
9485
16105
27471
21923
28611
24313
15809
11422
19738
14425
5299
22741
9877
15822
18916
30421
26903
8449
8037
31551
18002
24103
11435
15235
10881
10977
8675
29676
14938
19553
21893
28381
27966
6351
20524
12634
6068
10219
19109
20681
31253
30451
21061
22010
10121
967
1920
20838
22833
9035
10936
1204
422
5901
27475
17794
13475
9768
11536
32097
14078
15720
14235
27425
19165
23214
1119
2384
3110
18326
7835
15869
28983
26456
18872
14273
17368
7148
25050
7169
9837
1650
10933
27245
31089
9936
162
14796
13599
7837
8177
12796
2930
6974
30337
26420
26192
11086
13199
31373
5634
836
2508
9153
17384
30031
22450
2098
32107
8325
10775
814
27442
6973
19715
17265
2201
7353
24255
25067
28511
27145
6446
21956
2974
2603
17760
27038
19457
1399
3429
5658
8753
13371
8287
26013
26512
24738
23771
17748
31274
16346
30050
26485
