1000
9705
1653
17226
6856
11784
7184
15314
15207
2761
12851
15215
8386
12139
17017
7008
11493
27734
14321
17800
24830
16794
18371
14973
6937
13719
15639
15837
24879
1021
15410
7393
23903
14584
16610
17204
28539
3236
23581
4613
30662
4807
29925
11611
16124
4799
4206
13224
8083
7097
25987
5026
21569
10532
16166
29774
4030
27494
29303
25437
16843
2253
27607
15804
11635
27336
5964
1639
13457
27479
10279
8062
31890
30400
997
6554
20604
30084
21588
3425
25647
4753
1271
13144
23788
12729
12202
11769
17171
10851
15497
14854
16689
6784
14607
14620
21561
26049
10875
19083
20754
13575
24440
26213
25426
2588
1276
11989
26954
15264
625
27570
20802
27974
24851
25684
23557
22592
17049
2983
26785
30711
11031
12925
11624
28416
8739
13353
570
14411
28471
20809
8199
30878
30038
11491
31119
1090
29170
8116
4460
27901
8974
21956
29011
11328
6304
27198
9879
15776
13625
30079
26606
15754
8679
16749
18552
24627
14683
6154
7165
21711
11847
24649
28791
26883
28938
32032
16592
156
6287
8926
17644
13697
21106
5823
746
13286
7781
3261
1447
9923
22739
6058
23684
18565
22723
24444
18538
27651
9470
4584
14859
4531
1140
16690
1386
23838
28124
9539
28317
32401
6811
29436
29649
25878
16615
15818
30864
19618
14636
6010
13887
31888
4782
25167
5611
19022
23409
2386
22341
13399
8022
4842
10474
10593
25222
16812
5608
20439
6931
14196
27774
24969
28125
20149
548
28579
12979
7693
30923
8923
955
23069
26982
19439
23572
2455
6057
22607
2489
16280
4881
32534
30377
20537
26916
14911
3397
13153
19706
24598
15353
2525
22524
28908
23582
30898
18412
27919
31
20145
24102
18170
27867
10317
17445
17864
16971
1450
6472
27631
5989
1782
3542
13866
3392
17148
12097
18103
7544
27638
18855
20675
10196
13987
670
22563
806
14234
4401
6468
5491
10974
14118
11621
14164
22962
24451
16131
26268
4783
1616
25237
3131
26643
19869
26490
22883
10332
25543
13616
32745
17686
7928
2246
18925
7153
29165
9876
21693
22038
7676
21545
29431
20923
18005
11909
31214
18933
18568
12425
32335
12494
32327
32171
17413
28568
19565
17646
25945
385
9024
20498
30046
7271
21491
4871
8588
23533
24432
20392
5803
8910
8788
8614
11507
9841
570
1730
8049
22718
60
14144
21164
9265
21687
25240
28297
11820
30799
9326
20332
5010
15923
17860
4768
21393
25506
7791
16889
23743
14511
10951
25271
28777
17985
10659
27566
20519
5469
22149
26276
27060
31656
5137
16635
29949
4391
6852
3984
14456
13130
32738
18914
26551
14633
10416
16503
20541
15629
32228
21115
18576
7986
29530
9899
5520
9675
14344
27505
14854
24135
8756
25168
25728
9171
11236
14979
28509
28448
5015
32481
10020
21350
30002
6916
19226
19625
28477
15274
31763
17211
10319
3675
3464
26754
18631
9293
27882
20731
15549
31876
4918
28543
21049
31037
13514
21957
1954
17549
9079
24105
7801
26694
5847
8875
17991
7450
20192
25915
29651
5379
17594
19764
14489
17634
24014
7718
11896
29030
21792
19416
19371
815
20190
3981
13050
26163
19001
25223
21553
30817
25971
458
28882
19333
10297
24354
22791
15980
18484
9063
29914
12616
7131
9728
28072
22869
12171
32166
3027
30653
12505
3690
7352
30650
9255
14586
29921
14330
6261
3872
25211
839
19834
12683
9226
31847
32755
15058
14171
321
20540
23478
5306
18754
30493
3240
10854
17151
15590
30859
11330
29980
26302
1210
3021
26220
3640
6733
11348
20825
5927
5272
10087
9863
14260
30965
13705
8884
18093
23492
3883
31715
17440
5807
23004
27065
20521
13363
30138
3367
1032
13403
16172
31561
24950
3791
6355
28558
19514
5646
20925
26906
16887
8184
15324
14184
17480
6031
1719
14900
10510
23550
12896
22680
17673
4315
11942
29557
9382
17321
31371
22292
18200
2721
22521
28685
4010
178
26544
18280
24916
17094
16771
2563
6284
21063
23748
7987
22366
225
23805
4782
22463
18826
5856
21929
14367
15040
24961
6973
30269
22034
1987
21519
3135
2274
28176
3376
25602
8809
16462
13890
5295
27388
15374
4829
7823
16525
27398
23345
6432
23668
25025
20460
1896
9840
22165
17758
18057
14568
9430
27098
19094
31351
4169
19296
7589
28840
23771
24698
21797
12286
3731
6244
29042
3384
26054
13935
23463
29650
27530
31911
30132
1487
8812
27060
28848
26806
12134
3582
23920
25563
3851
15381
11096
13279
11013
6223
2417
14202
25537
19379
23996
22904
25193
24085
18118
23554
18195
31619
23421
26911
1848
10464
7490
3195
4199
11215
20543
31334
826
10707
11771
18463
6794
17076
9771
31059
4831
10788
8652
1761
9770
1186
31854
17120
28599
2975
10195
15843
19549
15583
11704
4475
2808
6435
1011
13310
281
13829
26302
14727
22523
10019
11603
9790
9657
639
19641
13786
9919
1062
31965
15460
11134
5392
13284
1085
3685
14664
27584
19810
17932
10572
26113
20975
26546
6839
25070
29666
11753
31773
30933
30754
22416
10295
5279
29376
29442
21568
13479
18556
27021
15774
29901
27019
24358
23237
2758
10647
14938
4953
11702
22792
26760
17298
7168
898
12878
3813
13148
30638
13377
17889
20267
31806
20449
25431
24840
22059
10444
25789
30624
1089
561
468
10179
21470
4232
1929
3003
13047
4992
23065
19676
25435
19513
25209
27484
29500
9140
27381
14437
7915
5512
12055
13929
32739
13014
8906
21430
11529
20862
13503
13130
12338
15251
4112
30696
29926
29453
8484
17771
5220
23998
25042
27739
8933
28040
12489
29630
25125
6348
14383
30000
32032
14117
10120
32566
12569
5719
17626
29136
2017
23426
6414
2381
1878
1180
15258
2915
31274
7709
349
19071
13798
252
4810
29530
558
11483
11593
22733
1350
4735
5082
12774
22997
25218
29436
32315
12777
13388
15309
1150
11068
6463
14962
8018
14518
28722
27577
19549
17714
3361
22013
12703
29573
2338
26955
3330
8124
20123
10946
16946
1446
13747
12096
31406
12435
17670
10555
3104
6234
27293
3564
6378
4001
16669
5555
7937
26456
13630
7095
26878
27527
8063
8397
5490
7498
9753
30107
10362
19993
31537
20477
23444
77
19281
20391
8113
12512
28697
13836
1420
28277
15154
21887
57
24984
28036
31640
13825
10822
11945
23258
21357
14000
