1000
8548
3776
27567
18764
26856
24492
15817
21153
25404
28149
23129
26863
5530
19268
26743
17084
6400
14060
19252
5030
31781
18453
13100
10148
434
793
28255
17294
3759
24110
27196
28384
23867
31046
7167
2747
18305
3379
17213
23084
16103
22031
15037
24497
17288
31963
19338
13305
28645
17510
13894
14828
27863
32112
26305
21483
25033
1552
1483
32345
13603
22611
23878
29530
12553
27686
17023
15322
24646
28790
31422
20946
14211
8085
19995
14278
24253
13024
15508
10643
12022
14751
2397
19047
14378
22316
4215
29713
25476
11352
6788
2939
1490
28682
8922
32372
30263
31529
17366
20147
32031
19388
15730
19993
12152
17232
18970
28727
2592
9370
13756
21776
24985
5214
27423
28960
31236
8592
27509
30365
23373
6328
25651
25596
13731
9883
22304
23479
27179
3607
2220
10574
3061
30031
10372
6028
27951
3592
26723
31755
3224
7507
29995
7162
30520
9837
1588
19998
29263
15587
30436
32279
395
16889
7808
29925
7549
4429
23105
2730
11854
24760
32171
9649
7854
22389
7450
10928
6926
8325
26270
16970
20751
31825
32008
6104
17210
5522
2373
30057
1265
7534
30187
24839
29349
29411
2322
7997
14922
22889
20581
16086
18440
723
4985
4582
27444
28791
16477
14351
18302
28558
1650
7677
26220
13534
4988
5683
32007
23446
9978
28426
14804
19321
28595
10742
12037
19006
26514
14348
11505
15415
8627
24513
8386
22578
16062
12277
19309
21149
31604
9264
25832
17389
3463
24107
32663
20032
17071
6290
16391
17984
5626
14088
15582
25419
12132
5996
6930
15058
423
2138
14938
2815
31316
2293
1506
6299
30755
13796
15683
9262
31623
1947
18866
14952
17798
17884
29559
25535
22728
21629
2978
30554
4334
15723
24057
5422
17445
7151
32564
2919
8954
19760
19309
11017
19056
2554
10450
20439
15439
19901
25245
8052
12736
11993
12358
17352
31767
3096
15606
9381
26608
13180
17216
25770
22141
26172
4364
9576
286
24073
2003
22212
6962
14229
27922
5532
17966
26198
7928
23982
3052
5512
354
4789
21317
6769
14090
9428
737
23528
31483
21560
17998
21272
11849
22522
10576
2434
28158
27714
32120
14401
17751
2994
15864
27794
20529
22530
26038
21907
25022
30183
27551
8011
892
24634
22846
32491
24680
30294
12173
21587
28783
18882
3595
1240
30757
28432
20494
29509
12473
22020
5211
14623
11305
27897
25332
1326
18866
4993
25905
17208
20107
8268
25618
28944
30418
32331
212
17616
4807
9492
23490
2146
1080
28809
7502
20037
12348
7092
5472
25485
14628
25334
25838
9004
5295
4449
26061
3697
21117
32098
17607
20174
9926
14499
493
1246
3404
30511
19246
2214
6286
29144
25897
32540
16703
18390
5696
26853
18934
9136
18414
3683
2855
10080
21082
27887
15186
25522
9772
2403
1914
24301
18591
19420
4057
28341
21975
18622
7378
26928
32118
6904
8231
29032
11626
13193
22124
25328
24328
16963
7356
8395
14943
7118
20138
19337
966
16625
16506
8883
1976
27405
10642
5481
30946
16874
4907
17994
29817
7862
8012
1684
8401
75
15353
3212
6700
5297
5800
26913
8656
31716
25588
204
17244
10199
20373
3002
25691
32184
10384
24877
29210
7286
7595
4640
8631
27777
7716
5930
30331
23761
12962
5540
617
28969
25196
14
5399
1437
30937
5551
19645
27474
16136
1404
15756
17029
32208
14395
9025
13774
23546
1512
20729
31398
27822
23128
21319
15144
556
3356
30852
19732
6333
28840
13158
23065
28136
23733
3028
23892
6120
14307
4601
6676
12638
17571
1944
28640
27972
13652
13215
12219
10018
19372
5118
22182
17284
1882
25017
20839
29867
10217
6972
11657
14211
1512
2288
23460
7381
1864
28683
26334
12990
13061
26540
17842
8800
10249
1063
10224
21975
31565
19613
26117
14958
16705
11985
30077
29459
18030
25910
1734
3849
15193
845
12343
6365
22443
7213
19024
4507
14480
14179
24900
11329
32349
2045
24500
23924
28021
6626
22206
4978
5741
26981
1846
10824
18798
6425
4147
28741
22747
14822
26318
20142
28468
22876
31526
27315
31803
19016
11944
21154
32085
23429
32653
2907
9522
28949
3491
4612
9904
13168
23633
9726
9981
18716
30165
28439
6908
20094
21457
21505
5099
32752
12550
5379
16194
18964
10335
32494
7646
13415
17713
19027
13918
23065
26817
31475
18126
25884
10503
21367
14723
16251
3249
12641
24901
28397
18539
25923
16564
20138
24926
23342
24804
7037
22774
10094
31563
1562
17897
19316
31453
16307
32373
18196
6261
13510
14313
18929
5751
27193
16230
6453
24499
12456
12263
32133
3469
8702
18815
19764
6491
7490
19938
26294
15631
13492
1575
12120
18198
16921
21964
27183
25984
5459
32507
31566
11360
28980
31755
27452
23414
19092
4682
16038
9995
32161
506
30288
2077
28023
30617
19281
22460
16881
8806
31616
14772
14270
5152
14890
6764
14007
19985
6406
17422
8815
8011
32106
20200
6412
14386
30142
28947
5206
5946
818
29010
8462
13042
11180
16700
8321
1346
26628
670
18525
23536
17012
31771
21698
4713
14666
16661
8348
6335
14816
4305
6193
27630
18382
12501
14838
25443
9310
18069
6567
30655
2625
29775
6550
26328
20864
15668
20036
22784
4021
29896
16430
27531
2170
15755
32745
17547
546
23257
16497
5086
21159
23055
27583
9579
14564
22255
26009
26792
22020
24390
28846
4448
23355
14795
27106
13747
16308
5195
19943
3422
4810
23811
15629
13884
15994
19278
29019
8717
19992
23424
23262
4471
3394
16913
22081
16458
4883
6654
12702
9992
3480
21100
29588
30117
24968
8078
6298
11147
29231
29386
14994
28897
9644
15895
22178
5389
31068
1706
9535
22135
14998
2769
14474
22416
14233
32543
21728
25876
31938
9929
14252
29068
29187
19280
16512
27158
27792
22368
12389
18536
2267
6393
29551
1555
24771
28364
10388
21765
29192
25832
23485
16722
18691
1173
9758
8244
17300
23424
10435
28752
91
32281
5484
3898
20011
2362
14747
26684
12219
26377
16363
83
18335
23327
7075
891
16503
6634
21131
14124
1383
28495
6399
30245
24263
14484
29761
6504
18203
13694
22292
29318
3141
29878
27782
15132
4345
24433
1293
7582
17010
10320
22997
15187
5731
8581
6745
21409
9521
15928
30769
28811
13407
17193
9514
15480
17738
27286
30620
25910
31766
32607
10488
12350
