1000
6305
14226
5281
30524
11207
23554
30955
5069
16131
6079
21660
1604
16450
20056
13591
15943
22819
22840
19239
12865
19443
16590
20374
425
7388
4331
5627
3208
23385
19563
16851
9269
8173
17431
20947
14691
4629
21706
30077
11102
2683
20691
24818
7314
9580
6299
4871
28749
22924
9864
16794
21958
26313
4640
24615
1117
12685
20082
29846
3364
24120
10161
11863
26015
16589
17443
29617
4040
29931
11321
22871
854
12800
7680
14397
15423
12217
12216
21929
4732
11965
1473
20877
16140
31130
8127
20244
12859
29183
246
2939
7972
32301
14326
22306
24693
27304
2429
9443
6770
5170
17049
9122
15933
28153
30221
5669
21076
14352
10486
23846
9307
31260
12974
26535
18460
5712
21489
32134
1996
2203
18750
6225
10639
9759
23680
15963
11839
28902
14830
5136
28009
21456
3120
6021
12953
23248
9155
14932
16344
15192
11678
19878
22898
16658
15638
29841
16125
29393
11519
4261
13718
967
7188
23745
1902
25848
2201
10795
7302
2798
20286
29664
4278
15279
4423
15401
27380
30956
17898
26735
22995
23163
31480
3920
6474
27912
2240
27891
26039
26887
15665
29080
8227
21996
16958
7795
1992
28063
17287
9402
11472
21546
5941
31485
96
30645
28197
23734
9685
11445
20298
26657
26958
23136
25164
20045
32618
19300
19829
18803
29267
30424
10958
19848
24571
21875
22661
9998
28069
5884
10386
31791
5288
19457
13210
25612
11375
22476
21268
2131
21957
16019
1706
1295
11087
9199
18658
31429
23386
3471
5885
1724
3800
15918
12320
5532
16804
15554
20401
17467
28686
23543
26372
17075
15763
21979
6711
28088
30956
20443
1114
4648
8523
23278
1747
3812
20705
17424
10241
18655
12451
18674
17696
9588
22862
1264
7021
32509
17832
10819
27786
18337
14857
23416
16931
20077
17691
14624
5330
23206
15838
30666
23104
4446
25327
4654
16014
22854
32521
27563
3315
12483
14028
30452
2982
10820
25533
13574
20222
722
8335
8285
18391
1769
27297
22631
4409
14726
31943
8505
16692
29057
18253
2945
16654
24861
10553
22715
28833
15326
20177
28584
6398
28314
22877
29948
29270
7635
13358
23639
16667
24132
15071
1399
20066
23482
5339
14764
16268
25125
27167
7564
4389
31983
21826
27367
14604
8332
14002
1790
13268
4691
19776
18671
363
652
14303
1140
21753
3274
17576
11469
31755
4731
12578
9211
16625
9149
16321
2607
19556
27251
18092
8578
19053
19352
7107
6630
22146
13012
481
22877
29425
15437
31582
5225
3970
12480
9689
19139
25431
2000
820
31823
7704
25758
21471
10832
13389
16537
26202
30937
19211
14488
32757
1156
1747
12326
17115
16485
16823
16156
13646
28737
27838
7542
20020
4860
8330
351
10963
20817
8504
9102
20953
17606
22920
24021
10143
10974
4414
6135
30638
22672
25288
30395
14211
504
13344
318
26255
10829
14068
12429
12162
20499
13317
7539
11977
10641
9677
16528
597
1414
26212
30891
1695
9240
29860
19274
25833
7181
5260
4991
22214
8253
20194
4868
17116
14663
5148
6538
5865
18308
1665
13903
772
24889
12172
10223
31270
24849
9361
32380
7144
14538
24226
9168
27534
23598
18868
15906
30789
22597
20222
8408
23209
27337
24226
16284
11146
11738
15503
22450
22512
11251
5286
17289
30300
28701
6684
11408
337
26210
13855
3914
6931
8325
2492
17829
16047
21232
18176
2952
571
7662
9565
12715
20063
30490
30032
29355
12053
18200
5953
7774
8620
3970
22955
3940
1043
11557
636
7934
2388
2670
1983
2851
22367
22047
15224
721
12809
4678
28367
19618
22356
3952
20593
15263
28913
10266
2612
26200
16131
20584
25082
21557
24614
19994
25047
5383
23216
11451
19318
30434
19255
16923
23224
20015
23635
22272
7071
1021
27556
18457
22379
24216
23
13107
23810
14429
30054
1199
10389
6348
222
31028
11905
25567
29541
26529
19827
5018
23739
26438
11216
12260
29696
9811
1108
30869
26999
1168
9721
30160
1417
17999
11034
25235
14605
29600
11224
9612
710
14275
28605
19503
20013
21731
25247
15365
12145
1
20679
3655
8381
14638
11859
18859
9401
29693
28121
28286
29267
9272
10829
2291
3519
722
10277
15803
29372
7965
29114
1237
13338
4157
4850
1704
13433
23261
14364
20303
23635
24352
13339
19508
28989
25306
12743
18400
29289
3073
5264
22545
7792
24414
19557
29197
1614
6024
8404
6455
20910
26643
14194
23520
6249
261
22909
4703
30025
26249
15552
5220
13842
28904
21431
22665
19651
2228
26868
12842
26137
29511
2497
8567
18773
17260
1031
27079
25919
16987
31598
25136
11883
25835
22982
13396
12987
8451
7846
32125
1573
14161
21074
1517
27830
17727
8162
623
26071
13091
23201
5170
31952
21174
29364
31447
650
16840
7420
11465
5273
25906
12861
18893
5497
4107
2431
7130
31256
11039
20916
6698
4245
28828
11932
8849
9288
4111
7398
23822
8962
20111
24984
32160
10134
30520
2224
22618
3480
12252
14091
31674
29284
1524
21383
17719
18274
18397
19301
9241
22921
32321
30193
32397
29218
6611
23396
27897
29903
10559
25353
16269
7883
11104
11423
539
19315
20916
6399
29224
25094
18190
17918
6979
20649
20107
405
3477
14510
20167
30783
25274
12309
7505
8867
1231
15443
7772
13939
27596
27219
3255
7828
17684
10171
32255
15999
14667
16752
30483
1255
17512
11100
9416
4508
21515
30063
3294
29359
8208
4579
19251
15575
29028
20677
12087
787
19223
13489
19872
29073
10675
1245
23135
4047
19661
16472
24274
28160
16089
22164
8251
16817
3907
18723
19057
13740
29371
6846
13013
28956
15824
12171
18312
6643
28096
672
32475
22153
13198
21699
23303
4741
13654
14451
22047
2817
31198
7981
19010
26089
12909
19432
10773
22692
22240
20194
7536
8695
18426
28318
22104
23334
27644
8749
12846
25692
31093
174
31525
28748
25692
18961
24058
29465
8540
27936
26591
30835
13167
11967
8376
9476
14254
22130
5513
26378
25448
1057
26415
6725
10353
4888
12623
8979
29628
11858
23949
17626
14892
31223
14078
14246
18344
30243
20959
16659
1134
32489
7047
21614
9385
3480
9882
32279
30277
7996
1920
7721
16642
25704
21781
13917
27847
7731
8610
20268
25146
19585
13
14388
22925
4484
26956
10205
2970
28290
5663
32316
31027
15832
8447
12088
15539
3647
